Input:
4 5
0 1 8 
0 2 8 
1 3 8 
2 1 1 
2 3 8 
Output:
16

Input:
8 16
0 1 1 
0 2 1 
0 3 1 
1 4 1 
1 5 1 
1 6 1 
2 5 1 
3 5 1 
4 1 1 
4 7 1 
5 1 1 
5 2 1 
5 3 1 
5 7 1 
6 1 1 
6 7 1 
Output:
3

Input:
8 11
0 1 1 
0 2 1 
0 3 1 
1 4 1 
1 5 1 
1 6 1 
2 5 1 
3 5 1 
4 7 1 
5 7 1 
6 7 1 
Output:
2

Input:
5 7
0 2 5 
0 3 3 
1 4 99 
2 1 3 
2 3 2 
2 4 99 
3 1 6 
Output:
8

Input:
5 7
0 2 99 
0 3 99 
1 4 4 
2 1 3 
2 3 2 
2 4 3 
3 1 6 
Output:
7

Input:
5 7
0 2 99 
0 3 3 
1 4 99 
2 1 3 
2 3 2 
2 4 3 
3 1 6 
Output:
11