(Во овој дел генераторот работи со тежини [-5,100])
Input:
50 751
0 1 65
0 29 5
0 14 38
0 5 71
0 42 27
0 15 63
0 20 1
0 39 75
0 26 75
0 31 55
0 45 45
0 23 83
0 9 26
0 33 25
0 4 0
0 37 -1
0 41 11
0 49 50
0 10 37
0 7 39
0 16 3
0 6 80
0 21 63
0 47 29
0 46 55
1 2 65
1 48 4
1 34 59
1 44 33
1 46 78
1 24 49
1 28 44
1 10 43
1 12 -1
1 21 41
1 47 0
1 40 46
1 23 42
1 43 21
1 17 0
1 30 61
1 29 86
1 26 19
1 11 53
1 36 65
1 38 7
1 39 96
1 3 86
1 16 65
1 41 18
1 4 42
1 33 39
2 3 29
2 48 78
2 8 20
2 15 27
2 49 80
2 0 53
2 17 75
2 43 24
2 28 15
2 31 59
2 10 77
2 40 94
2 7 21
2 39 48
2 24 58
2 42 62
2 26 100
2 35 75
2 46 24
2 12 70
2 6 40
2 34 65
2 14 3
2 47 80
2 32 70
3 4 61
3 17 92
3 33 26
3 16 -1
3 26 61
3 12 45
3 31 -5
3 19 20
3 28 1
3 23 42
4 5 45
4 33 64
4 18 46
4 43 85
4 45 66
4 26 13
4 7 61
4 10 85
4 36 30
5 6 -1
5 2 71
5 29 84
5 36 29
5 12 93
5 32 88
5 42 5
5 28 69
5 23 46
5 19 52
5 40 4
5 17 37
5 41 39
5 48 -5
5 3 53
5 21 75
5 26 87
5 16 100
6 7 33
6 16 45
6 1 69
6 25 39
6 39 26
6 30 76
6 10 21
6 14 71
7 8 92
7 33 80
7 26 43
7 49 13
7 14 77
7 47 35
7 41 74
7 12 50
7 28 47
7 44 33
7 36 63
7 43 86
7 30 5
7 39 24
7 38 9
7 40 9
7 18 33
7 37 14
7 46 46
8 9 76
8 13 47
8 24 23
8 12 25
8 14 92
8 32 53
8 41 88
8 20 83
8 31 63
8 6 46
8 38 20
8 35 27
8 48 57
8 16 18
8 21 98
8 37 87
8 33 18
8 25 53
8 40 90
8 22 40
8 3 14
8 30 99
8 46 -4
8 49 8
8 45 52
8 43 45
8 15 21
8 10 21
8 36 1
9 10 93
9 48 97
9 14 57
9 16 6
10 11 44
10 3 23
10 17 14
10 48 79
10 31 24
10 20 55
10 29 26
10 35 58
10 23 57
10 40 26
10 30 29
10 45 -5
10 37 85
10 39 51
10 44 5
10 47 5
10 24 10
10 43 90
10 28 96
10 19 63
10 32 47
11 12 89
11 36 6
11 25 73
11 8 65
11 35 27
11 43 72
11 45 34
11 39 53
11 14 89
11 20 79
11 13 88
11 30 79
11 7 34
11 33 26
11 24 63
11 40 7
11 27 81
11 21 3
11 0 14
11 34 52
11 15 44
11 9 13
11 37 61
11 42 98
11 44 58
11 18 85
12 13 23
12 30 28
12 39 -5
12 6 0
12 41 40
12 27 97
12 48 70
12 18 70
12 15 71
13 14 72
13 45 45
13 18 56
13 22 77
13 4 -3
13 24 11
13 47 80
13 19 72
13 2 60
13 35 53
13 15 89
13 27 44
13 42 26
13 48 6
13 25 13
13 3 3
13 5 2
13 39 10
13 6 57
13 16 -5
13 37 32
13 23 1
13 49 -2
13 10 -1
13 20 50
13 17 90
13 44 88
13 43 62
13 36 45
13 46 6
13 26 81
14 15 23
14 3 69
14 23 73
14 4 10
14 41 57
14 38 83
14 31 28
14 36 11
14 43 66
14 44 5
14 25 78
14 10 64
14 22 54
14 20 48
14 40 37
14 32 97
14 37 27
14 49 3
14 16 64
14 17 39
15 16 27
15 10 12
15 48 56
15 30 85
15 7 33
15 39 33
15 45 5
15 47 100
15 24 47
15 32 42
15 35 25
15 34 -3
15 17 25
15 23 51
16 17 8
16 44 89
16 33 33
16 48 70
16 41 80
16 30 36
16 12 56
16 21 74
16 40 53
16 43 8
16 47 57
16 34 -4
16 32 68
16 27 90
16 25 9
16 4 93
16 38 9
16 22 7
16 46 85
16 18 -3
16 2 28
16 29 46
16 45 17
17 18 51
17 9 92
17 11 87
17 21 73
17 33 73
17 19 49
18 19 -1
18 26 88
18 46 41
18 21 29
18 36 94
18 31 98
18 35 -2
18 38 93
19 20 70
19 38 89
19 7 82
19 48 7
20 21 51
20 27 30
20 46 73
20 1 59
20 16 47
21 22 40
21 4 37
21 23 34
21 28 55
21 44 28
21 41 59
21 39 34
21 9 4
21 46 32
22 23 80
22 33 63
22 30 -5
22 42 66
22 41 5
22 4 22
22 34 18
22 39 15
22 47 36
22 32 38
22 29 30
22 44 10
22 10 30
22 48 72
22 24 65
23 24 69
23 17 23
23 18 80
23 43 72
23 47 95
23 6 94
23 27 47
23 37 -2
23 44 14
23 38 50
23 34 65
23 33 27
23 36 42
23 32 82
23 46 24
23 42 -2
23 25 2
23 39 75
23 31 84
23 7 10
23 28 86
23 29 22
23 49 50
23 9 6
23 12 51
24 25 44
24 36 55
24 20 50
24 18 19
24 19 100
24 40 75
24 43 22
24 4 22
24 12 46
24 6 66
24 37 30
24 32 52
24 48 48
24 38 40
24 33 86
24 27 79
24 7 46
24 3 20
24 41 89
24 42 77
24 34 95
24 14 56
24 29 9
24 0 2
24 26 23
25 26 43
25 31 54
25 4 55
25 44 38
25 47 69
25 41 86
25 3 24
25 46 41
25 30 49
25 43 81
25 39 -3
26 27 40
26 49 69
26 34 95
26 9 23
26 40 71
26 23 41
26 11 -4
26 31 14
26 37 96
26 41 15
26 14 1
26 6 13
26 45 46
26 42 14
26 38 16
26 35 32
26 47 94
26 8 58
26 32 83
27 28 72
27 49 43
28 29 59
28 18 24
28 14 53
28 11 77
28 31 42
28 4 99
28 0 34
28 20 94
28 32 87
28 46 59
28 41 23
28 9 26
28 45 16
28 12 81
28 49 75
28 47 83
29 30 -1
29 44 74
29 33 96
29 46 19
29 31 0
29 40 68
29 39 91
29 41 -4
29 27 79
29 47 8
30 31 76
30 33 24
30 34 96
30 3 63
30 45 90
30 35 93
30 28 53
30 13 95
30 47 40
30 27 51
30 23 96
30 26 51
30 14 82
30 5 3
30 40 89
30 9 73
30 48 63
30 46 81
30 2 4
30 17 25
31 32 -3
31 20 19
31 41 56
31 15 41
31 43 71
31 35 57
31 45 57
31 16 87
31 49 67
31 36 35
32 33 4
32 4 34
32 7 61
32 40 13
32 18 6
32 39 12
32 29 55
32 12 5
32 13 98
32 36 22
32 19 -4
32 20 75
32 37 70
32 27 -1
32 25 63
32 35 45
32 11 66
33 34 92
33 39 77
33 44 42
33 21 79
33 14 67
33 40 26
33 38 67
33 15 8
33 25 15
33 5 62
33 20 71
33 41 -5
33 9 52
33 12 33
33 46 100
33 47 54
33 19 57
34 35 37
34 32 24
34 13 60
34 47 75
34 20 93
34 27 9
34 19 52
34 42 92
34 25 95
34 14 51
34 21 47
34 17 43
34 7 72
34 44 36
34 12 55
34 40 17
34 31 92
34 43 100
34 9 29
34 18 35
34 39 76
34 3 89
34 4 61
35 36 24
35 47 5
35 29 44
35 3 18
35 37 46
35 38 62
35 43 8
35 24 49
35 4 -5
35 7 18
35 1 8
35 16 9
35 42 53
35 12 77
36 37 88
36 42 81
36 46 9
36 17 76
36 15 95
36 26 32
36 10 63
36 43 47
36 47 33
36 0 57
36 27 93
36 38 44
36 45 74
36 39 89
36 28 77
36 48 -2
36 30 83
36 6 64
36 2 50
36 33 53
37 38 -4
37 46 9
37 9 24
37 4 38
37 41 59
37 20 86
37 45 15
37 49 85
37 27 61
37 1 25
37 44 39
37 22 18
37 39 83
37 47 38
37 31 15
37 30 54
37 29 91
37 2 61
37 5 1
37 16 35
38 39 79
38 20 76
38 44 50
38 15 82
38 34 94
38 13 35
38 2 48
38 32 36
38 3 38
38 41 80
38 17 6
39 40 34
39 24 -1
39 19 94
39 5 31
40 41 58
40 27 67
40 6 10
40 49 83
40 20 98
40 44 81
40 13 24
40 47 40
40 36 59
40 0 99
40 23 61
40 37 33
40 25 19
40 43 23
40 48 42
40 22 85
40 35 19
40 38 27
41 42 77
41 23 51
41 27 4
41 15 74
41 47 95
41 10 9
41 3 98
41 30 61
41 6 47
41 4 67
41 17 -1
41 32 37
42 43 41
42 29 55
43 44 92
43 48 90
43 41 51
43 28 4
43 49 49
43 39 27
43 37 49
43 47 65
43 15 82
43 38 81
43 46 74
43 0 9
43 6 22
43 22 -5
43 45 41
44 45 61
44 2 -4
44 0 50
44 39 20
44 46 8
44 24 63
44 49 47
44 6 69
44 48 29
44 17 32
44 47 93
45 46 82
45 7 1
45 25 71
45 9 54
45 41 86
45 2 56
45 21 16
45 22 97
45 24 87
45 39 69
45 5 37
45 12 91
45 38 72
45 49 78
45 47 55
45 34 7
45 17 31
46 47 40
46 9 77
46 22 17
46 35 43
46 17 13
46 24 12
46 34 63
47 48 82
47 38 83
47 42 56
47 18 43
47 11 47
47 32 17
47 39 91
47 24 76
47 20 97
47 9 30
47 14 20
48 49 71
48 21 85
48 32 27
48 14 20
48 7 88
48 23 39
48 45 4
48 33 49
48 41 71
48 26 46
48 6 52
48 17 62
48 38 44
48 20 48
48 28 90
48 25 89
48 29 53
48 27 64
49 24 72
49 25 76
49 46 91
49 29 24
49 30 52
49 21 41
49 4 23
49 36 11
49 9 70
49 10 61
49 3 16
0

Output:
0:0
1:6
2:0
3:16
4:-7
5:-1
6:-2
7:-1
8:20
9:9
10:10
11:2
12:5
13:27
14:3
15:14
16:3
17:0
18:0
19:-2
20:1
21:5
22:1
23:28
24:-1
25:12
26:6
27:1
28:10
29:5
30:-4
31:5
32:2
33:6
34:-1
35:-2
36:8
37:-1
38:-5
39:0
40:3
41:1
42:4
43:6
44:8
45:-2
46:8
47:3
48:-6
49:6

------------------------

Input:
50 771
0 1 41
0 36 43
0 21 88
0 4 50
0 41 18
0 14 69
0 37 61
0 6 52
0 28 38
0 11 48
0 10 93
0 12 -5
0 17 4
0 27 78
0 24 77
0 44 47
0 42 46
0 34 33
0 7 27
0 47 93
0 16 22
0 20 94
0 48 85
0 39 -4
0 38 16
0 30 21
0 22 87
0 25 59
1 2 83
1 31 4
1 16 77
1 46 -3
1 23 6
1 10 52
1 41 3
1 4 56
1 28 39
1 33 13
1 35 -3
1 43 69
1 8 100
1 37 9
1 15 90
1 5 51
1 24 43
1 17 99
1 9 71
1 3 25
1 30 59
2 3 52
2 10 33
3 4 13
3 17 58
3 42 60
3 14 77
3 5 54
3 15 24
3 46 16
3 24 27
3 26 97
3 25 10
3 34 26
3 28 6
3 13 90
3 36 34
3 43 35
3 27 35
3 30 50
3 8 50
3 20 95
3 21 15
3 7 31
3 49 99
3 6 43
3 23 94
3 11 4
3 10 33
3 38 82
3 37 34
3 9 86
3 39 13
4 5 -2
4 27 20
4 18 88
4 37 89
4 43 61
4 22 39
4 48 28
4 23 0
4 21 49
4 9 76
4 46 33
4 41 91
4 38 12
4 25 91
4 26 10
4 14 1
4 10 69
4 28 93
4 13 51
4 45 28
4 20 4
4 36 20
5 6 21
5 37 17
5 16 84
5 19 56
5 14 91
5 10 81
5 44 100
5 46 60
5 48 52
5 40 -5
5 30 3
5 33 67
5 15 67
5 9 96
5 36 10
5 41 72
5 31 27
5 24 55
5 13 6
5 20 33
5 28 40
5 21 63
6 7 -5
6 34 39
6 20 95
6 44 51
6 12 61
6 17 24
6 49 74
6 46 24
6 1 8
6 22 32
6 16 88
6 43 -5
6 32 53
6 39 81
6 27 50
6 15 82
6 19 87
6 35 85
6 40 14
6 28 92
7 8 -3
7 37 80
7 25 81
7 1 29
7 41 75
7 2 73
7 4 75
7 11 39
7 12 31
7 17 82
7 21 15
7 16 55
7 24 75
7 27 8
7 34 84
7 26 85
7 31 56
7 35 65
7 44 98
7 22 -1
7 39 14
8 9 100
8 13 30
8 21 23
8 40 38
8 0 38
8 43 61
8 31 0
8 11 43
8 35 70
8 49 96
8 46 93
8 37 20
8 42 43
8 44 -2
8 48 72
8 27 74
8 15 -4
8 34 88
8 41 26
8 12 88
8 38 33
8 6 58
8 4 10
8 39 96
8 36 40
8 30 95
8 29 41
8 16 94
8 26 3
9 10 77
9 45 91
9 36 56
9 44 57
9 49 48
9 40 25
10 11 59
10 47 41
10 31 48
10 8 32
10 30 68
10 36 79
10 12 65
10 46 10
10 15 98
10 45 47
10 43 84
10 49 10
10 35 86
10 19 98
10 18 -3
10 22 44
10 39 74
10 23 81
10 44 89
11 12 28
11 17 16
11 9 19
11 21 18
11 40 83
11 36 2
11 2 36
11 18 92
11 38 0
11 6 42
11 45 45
12 13 96
12 37 13
12 24 90
12 47 84
12 25 67
12 18 48
12 31 33
12 28 96
12 30 95
12 48 99
12 35 95
12 19 9
12 3 31
12 33 26
12 1 78
12 4 26
12 40 96
12 36 80
12 22 51
12 41 21
12 14 59
12 9 66
12 44 20
13 14 29
13 16 -2
13 40 1
13 41 -1
13 18 60
13 6 21
13 20 97
13 1 -2
13 33 63
13 25 36
13 37 72
13 49 2
13 31 90
13 23 81
13 24 48
14 15 20
14 29 -4
14 38 13
14 28 93
14 16 13
14 24 44
14 43 68
14 31 89
14 39 36
14 35 41
14 46 95
14 22 87
14 40 17
14 7 49
14 26 4
14 6 91
14 36 38
14 10 28
14 33 18
14 30 67
14 1 86
14 9 62
14 49 57
14 41 69
14 27 38
14 34 19
14 25 95
15 16 96
15 32 3
15 43 93
15 42 35
16 17 83
16 12 48
16 37 22
16 42 18
16 24 71
16 34 78
16 41 84
17 18 49
17 30 14
17 23 31
17 24 70
17 14 52
17 9 64
17 48 80
17 34 33
17 20 88
17 21 47
17 25 2
17 22 100
17 39 73
17 10 68
17 32 27
17 36 17
17 12 82
17 41 3
17 28 40
17 42 -4
17 38 27
17 46 51
18 19 54
18 28 95
18 7 72
18 0 45
18 26 66
18 6 62
18 30 84
18 34 78
18 38 12
18 45 63
18 32 5
18 40 49
18 2 3
18 49 61
18 25 22
18 3 72
18 21 -2
18 47 97
18 5 59
18 44 55
18 42 81
18 24 83
18 9 33
18 20 35
18 46 56
18 43 99
18 14 75
18 48 25
19 20 6
19 22 1
19 26 23
19 2 56
19 29 63
19 39 68
19 24 40
19 23 75
19 40 65
19 34 58
19 49 29
19 35 18
20 21 71
20 33 39
20 2 -5
20 36 43
20 47 27
20 1 3
20 15 77
20 31 67
20 26 2
20 43 27
20 29 27
20 45 18
20 34 18
20 8 5
20 10 36
21 22 28
21 26 90
21 35 4
21 1 8
21 24 90
21 34 97
21 16 -3
21 13 89
21 12 -3
21 27 72
21 49 0
21 29 62
21 41 37
21 28 34
21 37 56
21 32 49
21 44 50
21 46 20
22 23 63
22 33 5
22 37 73
22 20 29
23 24 28
23 27 95
23 14 48
23 25 45
23 28 7
23 40 -3
23 47 84
23 11 -5
23 48 91
23 46 6
24 25 4
24 22 41
24 43 17
24 33 38
24 32 84
24 2 29
24 48 53
24 28 1
24 4 22
24 42 89
24 49 39
24 20 46
24 40 32
24 31 56
24 38 82
24 36 42
24 34 16
24 46 54
24 8 95
24 37 42
24 6 22
25 26 60
25 38 36
26 27 46
26 28 52
26 17 48
26 35 39
26 42 25
26 41 54
26 39 13
26 34 52
26 44 62
26 37 64
26 1 85
26 12 88
26 46 62
26 43 82
26 36 -4
26 38 58
26 29 70
26 6 90
26 24 5
26 11 13
26 31 47
26 2 32
26 48 27
27 28 95
27 13 12
27 24 29
27 38 68
27 37 17
27 49 57
27 9 62
27 32 94
27 41 93
27 25 73
27 2 25
27 1 78
27 20 8
27 39 97
27 36 20
27 31 87
27 40 22
27 18 75
27 45 15
27 34 29
28 29 69
28 22 25
28 48 83
29 30 57
29 47 76
30 31 97
30 41 31
30 40 37
30 45 8
30 19 28
30 46 68
30 39 19
30 7 54
30 48 46
30 6 82
30 35 87
30 20 92
30 32 49
30 37 23
30 9 33
30 49 88
30 24 24
30 22 -1
30 36 51
31 32 48
31 45 7
31 33 82
31 15 31
31 4 66
31 23 61
31 22 15
31 34 85
31 18 65
31 48 91
31 16 30
31 49 62
31 29 95
31 3 18
31 11 19
31 6 50
31 25 24
31 9 18
31 43 40
31 44 33
31 19 50
31 2 80
31 47 44
32 33 59
32 7 80
32 47 35
32 42 100
32 11 53
32 8 99
32 1 9
32 26 37
32 9 13
32 36 39
32 44 4
32 3 85
32 5 28
32 0 -1
32 35 64
32 43 40
32 49 29
32 20 58
32 4 89
32 14 46
32 48 63
32 16 55
33 34 6
33 6 84
33 11 69
33 38 98
33 8 79
33 28 45
33 29 46
33 17 57
33 18 30
33 45 31
33 43 27
33 16 65
33 47 28
33 7 8
33 42 99
33 3 17
33 48 83
33 25 47
33 37 47
34 35 17
34 2 80
34 10 28
34 28 4
34 49 -5
34 13 65
34 11 14
34 32 3
34 41 85
34 12 31
34 4 85
34 29 21
34 46 35
34 39 53
34 44 89
34 1 32
34 47 58
34 45 45
35 36 66
35 44 28
35 33 91
35 37 86
35 16 59
35 13 55
35 38 34
35 24 72
35 3 19
35 25 81
35 39 9
35 17 23
35 27 -5
35 42 51
35 2 35
35 20 83
35 22 20
35 48 53
36 37 33
36 41 23
36 6 7
36 25 46
36 33 6
36 47 97
36 34 90
36 16 25
36 28 7
36 18 58
36 2 89
36 43 87
36 39 78
36 19 59
36 21 55
36 15 47
36 13 72
36 46 5
36 1 28
37 38 78
37 40 91
37 44 40
37 11 80
37 17 73
37 31 88
37 28 1
37 2 28
38 39 38
38 36 21
38 23 99
38 29 -1
38 49 40
38 28 87
38 7 72
38 47 -2
38 1 32
38 5 39
39 40 31
39 29 89
39 25 72
39 47 -4
39 11 77
39 33 69
39 21 88
39 9 34
39 48 16
39 18 99
39 15 39
39 28 62
39 20 27
40 41 69
40 33 86
40 36 4
40 20 29
40 17 37
40 35 32
40 44 79
40 49 88
40 42 36
40 1 42
40 45 87
40 28 33
40 3 74
40 2 32
40 31 7
40 4 34
40 34 62
40 16 47
40 26 78
40 32 44
40 0 6
40 22 50
41 42 31
41 23 16
41 37 74
41 48 2
41 20 17
41 28 48
41 3 89
41 29 1
41 38 40
41 35 50
41 11 87
41 32 13
41 39 44
41 49 100
41 24 0
42 43 22
42 47 28
42 49 -3
42 36 49
42 27 53
42 1 60
42 31 57
42 28 60
42 21 93
42 9 8
42 23 31
42 44 89
42 38 94
42 20 6
42 46 78
42 11 83
42 7 3
42 5 57
42 25 75
42 39 100
43 44 63
43 5 70
43 25 62
43 39 1
43 22 42
43 23 60
43 46 2
43 38 9
43 47 86
43 27 91
43 21 83
43 40 7
43 16 48
43 34 57
44 45 10
44 27 88
44 4 17
45 46 19
45 29 82
45 3 47
45 47 26
45 19 16
45 25 11
45 37 65
45 43 21
46 47 27
46 37 50
46 49 2
46 33 88
46 44 94
47 48 87
47 14 1
47 28 66
47 41 20
47 25 88
47 17 43
47 15 79
47 2 64
47 49 35
47 44 1
47 19 69
47 11 84
47 37 38
47 22 86
47 30 43
47 21 49
47 1 77
47 8 0
48 49 18
48 20 61
48 10 76
48 38 90
48 16 83
48 19 95
49 11 95
49 16 33
49 26 37
49 15 1
0

Output:
Negativen ciklus!

------------------------

Input:
50 779
0 1 86
0 20 47
0 2 98
0 45 69
0 15 45
0 46 57
0 30 8
0 9 22
0 24 68
0 25 17
0 8 40
0 14 91
0 33 48
0 11 80
0 47 66
0 22 75
0 27 51
0 12 95
0 48 98
0 39 77
0 5 59
0 34 41
0 6 29
0 17 1
0 4 9
0 40 14
1 2 71
1 15 -2
1 5 38
1 33 23
1 19 83
1 45 23
1 47 85
1 12 98
1 29 63
1 8 24
1 43 26
1 7 10
1 21 12
1 14 8
1 30 73
1 27 51
1 40 23
1 9 29
1 22 43
1 46 13
1 28 84
2 3 8
2 16 80
2 40 10
2 34 99
2 43 85
2 10 30
2 36 57
2 22 3
2 12 57
2 19 40
2 49 46
2 8 49
2 46 27
2 9 27
2 24 1
2 29 68
2 31 56
2 30 16
3 4 28
3 39 66
3 30 91
3 45 58
3 9 82
3 27 96
3 35 79
3 19 66
3 34 66
3 38 34
3 32 20
3 36 64
3 13 20
3 14 11
3 33 1
3 17 79
3 25 41
3 41 49
3 46 91
3 47 16
3 6 13
3 23 5
3 18 81
3 15 99
3 29 30
3 26 31
3 21 52
3 48 57
4 5 71
4 48 33
4 44 42
4 37 64
4 8 93
4 9 57
4 45 34
4 35 46
4 11 52
4 39 73
4 22 -3
4 40 72
4 20 0
4 26 66
4 16 -5
4 38 77
4 12 38
4 29 27
4 34 28
4 36 60
4 33 10
4 23 56
4 1 61
4 42 20
4 32 34
4 30 19
4 6 8
4 47 96
4 49 63
4 43 84
5 6 29
5 47 47
5 22 93
5 34 96
5 49 7
5 32 17
5 25 25
5 41 69
5 30 51
5 40 67
5 18 81
5 43 97
5 11 87
5 26 28
6 7 58
6 24 65
6 45 7
6 37 91
6 48 80
6 19 80
6 23 17
6 29 88
6 14 4
6 26 15
6 27 76
7 8 75
7 2 47
7 14 8
7 30 100
7 49 87
7 5 60
7 43 78
7 44 32
7 45 42
7 25 43
7 40 10
7 33 46
7 36 46
7 13 11
7 3 80
7 23 65
8 9 69
8 32 15
8 49 78
8 10 19
8 25 59
8 36 83
8 3 94
8 16 35
8 6 69
8 14 61
8 11 32
8 35 3
8 26 24
8 13 82
8 18 56
8 41 81
8 33 70
8 28 -3
8 43 91
8 24 54
8 29 7
8 40 90
8 27 31
8 34 21
8 15 -3
8 22 77
8 19 1
8 21 57
9 10 -3
9 48 6
9 6 97
9 18 88
9 39 46
9 13 55
9 43 3
10 11 -2
10 40 1
10 39 86
10 30 51
10 26 75
10 29 69
10 1 87
10 15 87
10 24 83
10 12 75
10 22 95
10 28 16
10 44 21
10 36 0
10 48 0
11 12 42
11 6 -3
11 47 66
11 16 35
11 42 66
11 1 54
11 3 27
11 39 56
11 36 36
12 13 8
12 33 34
12 25 6
12 18 2
12 3 22
12 16 88
12 27 12
12 28 77
12 34 68
12 45 65
12 42 22
12 36 84
12 29 8
12 31 64
12 7 -3
12 21 44
12 6 85
12 23 4
12 22 79
12 35 19
12 5 69
13 14 71
13 34 14
13 38 72
13 21 89
13 49 56
13 19 16
13 31 66
13 37 22
13 40 27
13 32 97
13 6 91
13 46 49
13 30 77
13 23 48
13 25 91
13 41 87
13 33 37
13 20 94
13 42 0
13 26 80
13 43 26
13 4 52
14 15 88
14 36 61
14 10 41
14 21 59
14 19 2
14 32 65
14 49 32
14 31 75
15 16 42
15 36 76
15 39 47
15 5 35
15 37 39
15 28 90
15 4 63
15 44 89
15 49 57
15 32 92
15 33 38
15 46 50
15 35 58
15 23 70
15 24 31
15 42 52
15 6 34
15 2 2
15 7 46
15 48 18
15 29 44
15 30 24
15 31 38
15 21 65
15 9 95
15 47 80
15 40 75
15 12 20
16 17 80
16 33 83
16 13 95
16 30 35
16 27 0
16 29 85
16 21 38
16 3 48
16 14 18
16 38 84
16 9 2
17 18 22
17 13 98
17 30 21
17 19 32
17 44 30
17 10 18
17 42 5
17 26 68
17 23 25
17 35 21
17 48 74
17 1 2
17 34 89
17 14 12
17 47 26
17 28 13
17 2 4
17 8 43
17 37 19
17 24 33
17 11 36
18 19 93
18 31 72
18 33 42
18 21 72
18 25 11
18 42 79
18 14 92
18 40 1
18 2 15
18 48 26
18 39 21
18 43 42
19 20 26
19 30 1
19 46 -2
19 40 55
19 45 12
19 12 32
19 24 85
19 10 98
19 38 59
19 15 14
19 26 58
19 47 67
19 36 3
19 27 35
19 21 74
20 21 70
20 30 95
20 48 16
20 33 99
20 49 70
20 37 43
20 46 45
20 5 99
20 39 44
20 9 16
20 26 65
20 3 87
20 42 79
20 38 69
20 17 26
20 28 24
20 12 87
20 41 60
20 24 94
20 22 49
20 6 25
20 23 -4
21 22 53
21 38 37
21 11 98
21 0 8
21 31 50
21 30 44
21 29 97
21 32 45
21 46 40
21 4 83
21 33 38
21 42 15
21 27 89
21 36 6
21 23 21
21 9 72
21 34 64
21 49 32
21 37 55
21 41 27
21 26 3
22 23 18
22 31 5
22 17 39
22 43 79
22 24 24
22 11 31
22 19 -2
22 27 24
22 35 29
22 18 13
22 30 40
22 9 57
22 33 19
22 37 46
22 13 73
22 39 42
22 42 4
22 47 90
22 49 24
23 24 14
23 25 0
23 11 -2
23 42 6
23 18 33
23 31 27
23 30 51
23 2 46
23 34 60
23 32 84
23 40 97
23 49 84
23 5 95
23 37 61
23 26 71
23 43 75
23 48 15
23 33 82
23 14 98
23 46 74
23 44 80
24 25 5
24 1 53
24 21 96
24 14 -5
24 36 30
24 33 34
24 12 -1
24 11 42
24 16 11
24 40 57
24 47 66
24 39 56
24 13 80
24 45 24
24 44 48
24 29 7
24 4 44
24 28 12
24 46 72
24 5 35
25 26 41
25 19 91
25 4 48
25 32 7
25 16 18
25 36 87
25 31 -3
25 45 9
25 20 73
25 30 14
26 27 50
26 16 5
26 14 34
26 28 76
26 24 90
26 30 -3
26 42 6
26 41 80
26 29 91
26 47 36
26 34 70
26 40 32
26 11 33
26 46 17
26 7 14
26 35 71
26 15 55
26 38 79
27 28 -1
27 23 66
27 11 59
27 43 99
27 33 64
27 31 40
27 25 94
27 30 71
27 37 69
27 44 28
27 5 46
27 14 35
27 34 90
27 45 30
27 46 28
27 4 94
28 29 78
28 46 82
28 42 38
28 37 81
28 18 52
28 22 81
28 43 100
28 4 -1
28 49 81
28 34 80
28 45 8
28 16 92
28 35 55
28 39 44
28 23 99
28 6 38
28 9 71
28 25 91
28 31 18
28 47 -1
28 5 50
28 7 35
29 30 5
29 37 55
29 0 31
29 7 -4
29 41 27
29 23 96
29 46 82
29 44 82
29 43 13
29 11 77
29 33 61
29 49 55
29 32 -3
29 27 42
29 48 25
29 42 62
29 20 91
29 5 43
29 14 7
29 36 37
29 22 54
29 25 93
29 40 50
30 31 39
30 11 85
30 34 58
30 32 32
30 47 52
30 6 97
30 12 27
30 18 71
31 32 53
31 36 54
31 24 48
31 42 17
31 34 31
31 33 69
31 48 54
31 3 41
31 10 32
31 4 4
31 20 96
31 9 73
31 5 2
31 35 52
32 33 45
32 27 -2
32 43 12
32 0 14
32 22 30
32 20 56
32 16 85
32 38 78
33 34 26
33 2 2
33 40 79
33 9 15
33 48 84
33 19 -3
33 49 6
33 11 62
33 30 100
33 43 81
33 36 63
34 35 25
34 45 -2
34 42 62
34 9 14
34 43 76
34 32 37
34 18 6
34 25 28
34 11 96
34 20 68
34 46 41
34 19 79
34 1 47
34 38 2
34 24 38
34 36 15
35 36 55
35 0 1
35 37 26
36 37 18
36 18 99
36 49 95
36 46 65
36 45 50
36 47 60
36 16 47
37 38 7
37 44 29
37 40 3
37 26 24
37 45 18
37 16 48
37 49 85
37 25 -2
37 5 91
37 19 88
37 47 89
37 0 41
37 46 64
37 43 35
37 3 34
37 42 99
37 33 61
37 18 48
37 8 62
37 7 82
37 12 81
37 24 41
38 39 9
38 46 15
39 40 24
39 6 28
39 44 51
39 16 75
39 37 85
39 31 6
39 32 5
39 41 64
40 41 19
40 14 19
40 21 87
40 11 7
40 3 75
40 46 63
40 17 42
41 42 99
41 49 31
41 45 15
41 23 36
41 28 88
41 4 31
41 27 -5
41 17 94
41 44 22
42 43 87
42 45 65
42 36 28
42 35 13
42 16 23
42 5 43
42 27 -5
42 40 1
42 19 93
42 2 32
42 8 48
42 49 64
42 39 97
42 33 52
42 10 50
42 30 -2
42 46 45
42 48 84
43 44 29
43 39 14
43 11 52
43 35 63
43 48 56
43 26 63
43 21 9
44 45 54
44 22 40
44 5 73
44 46 55
44 40 77
44 8 -5
44 34 94
44 42 74
44 2 20
44 35 96
44 30 53
44 0 20
44 31 -3
44 28 62
44 48 91
45 46 12
45 10 39
45 21 81
45 38 17
45 18 98
45 48 33
45 13 3
45 2 29
45 11 28
45 32 -5
45 20 12
45 23 89
45 16 71
45 15 53
45 33 88
45 43 72
45 22 1
45 8 70
46 47 30
46 9 67
46 8 96
46 41 93
46 7 95
46 12 92
46 30 41
47 48 60
47 9 94
47 13 98
47 45 72
47 49 7
47 2 19
47 23 20
47 41 22
47 10 49
47 16 21
47 12 98
47 40 98
47 14 17
47 21 48
47 29 47
47 31 34
48 49 84
48 21 9
48 12 7
48 38 14
48 13 90
48 24 53
48 46 3
48 41 11
48 2 2
48 14 60
48 7 42
48 39 38
48 28 38
48 11 57
48 5 -5
48 35 83
48 8 23
48 19 6
48 16 98
48 1 -4
49 34 52
49 39 78
49 43 74
49 17 4
49 3 88
49 10 69
49 38 90
49 26 89
49 30 18
49 16 99
0

Output:
Negativen ciklus

---------------------

Input:
50 744
0 1 24
0 42 10
0 30 85
0 26 67
0 10 32
0 19 63
0 31 70
0 34 10
0 41 8
0 11 23
0 49 -5
0 12 30
0 45 61
0 35 -5
0 39 93
0 20 15
0 32 53
0 46 87
0 25 81
0 9 33
0 38 75
0 43 53
1 2 -4
1 48 88
1 27 26
1 6 62
1 7 58
2 3 16
2 9 60
2 31 39
2 10 35
2 42 61
2 46 69
2 5 97
2 32 46
2 19 84
2 27 4
2 11 64
2 6 10
2 15 78
2 49 21
2 17 95
2 40 91
2 35 59
2 22 37
2 48 37
2 23 9
2 29 11
2 0 87
2 8 65
2 47 51
2 21 11
2 24 55
2 33 61
2 7 100
3 4 37
3 19 34
3 20 33
3 40 13
3 25 -3
3 35 40
3 39 47
3 45 74
3 46 49
3 21 21
3 30 40
3 24 16
3 0 76
3 44 4
3 13 77
3 1 36
3 37 31
3 22 5
4 5 -4
4 30 91
4 31 7
4 21 1
4 27 81
4 11 28
4 14 62
4 15 57
4 46 74
4 19 -2
4 0 76
4 10 19
4 48 32
4 39 34
4 18 94
4 42 8
4 1 96
4 35 33
4 6 19
4 7 6
4 34 44
4 43 79
4 25 8
4 33 79
4 45 56
4 8 99
4 32 24
4 36 16
4 40 94
5 6 57
5 9 51
5 19 48
5 15 37
5 29 11
5 16 22
5 8 34
5 38 59
5 20 98
5 48 86
5 47 79
5 18 41
5 7 94
6 7 75
6 35 44
6 27 42
6 19 18
6 38 4
6 16 69
6 34 94
6 21 10
6 49 96
6 30 72
6 17 83
6 32 3
6 44 12
6 10 23
6 11 42
6 26 22
6 24 32
6 25 70
6 28 80
6 43 59
6 45 3
6 40 27
6 23 42
6 15 52
6 48 25
6 36 67
7 8 96
7 23 50
7 9 29
7 26 21
7 46 60
7 21 5
7 11 54
7 43 28
7 3 27
7 10 46
7 49 58
7 13 90
7 22 38
7 38 58
7 44 66
7 20 75
7 36 80
7 0 53
7 18 88
7 30 57
7 35 10
7 14 -5
7 32 76
7 45 42
7 19 93
7 16 1
7 42 1
7 24 9
7 27 77
7 28 86
7 34 30
8 9 3
8 29 90
8 14 65
8 6 50
8 25 84
8 24 29
8 10 46
8 35 43
8 12 33
8 36 22
8 44 -2
8 21 85
8 42 65
8 18 4
8 20 81
8 30 95
8 33 16
8 31 60
8 47 53
8 16 69
8 41 85
8 39 77
8 13 59
8 1 78
8 15 72
8 48 1
8 37 74
8 38 76
9 10 14
9 12 70
9 22 17
9 20 69
9 47 91
9 24 66
9 14 39
9 29 74
9 44 38
10 11 98
10 16 100
10 45 18
10 46 42
10 30 58
10 24 69
10 43 94
10 18 22
10 15 93
10 31 33
10 35 74
10 33 82
10 42 53
10 19 81
10 28 54
10 21 61
10 29 25
10 37 77
10 13 98
10 39 63
10 49 34
10 17 29
10 14 25
10 34 64
10 27 40
10 5 38
10 26 71
11 12 54
11 25 14
11 37 67
11 30 77
11 27 83
11 21 63
11 5 22
12 13 44
12 2 41
12 38 51
12 20 94
12 6 49
12 26 2
12 18 8
12 14 83
12 3 59
12 21 84
12 37 28
12 41 96
12 25 -1
12 32 19
12 39 88
12 35 80
12 47 16
12 4 45
12 17 48
12 27 14
12 30 73
12 49 97
12 24 21
12 43 60
12 10 40
12 48 42
12 42 21
12 34 68
12 19 -4
13 14 12
13 21 95
13 27 80
13 42 78
13 47 6
13 32 -1
13 40 80
13 4 58
13 20 89
13 36 -3
13 6 16
13 11 74
13 15 41
13 39 33
13 31 52
13 38 -5
13 19 58
13 17 99
13 43 50
13 46 1
13 9 29
13 29 46
13 49 -2
13 16 89
13 22 41
13 33 -2
13 24 58
13 28 11
13 26 14
14 15 32
14 36 33
14 20 55
14 37 80
14 39 18
14 23 24
14 24 23
14 1 82
14 30 82
14 32 90
14 44 47
14 5 48
14 6 7
14 48 57
14 17 87
14 26 2
14 38 15
14 34 58
14 41 67
14 16 14
14 29 87
14 18 -1
14 49 2
14 31 -5
15 16 19
15 47 75
15 22 72
15 1 27
15 28 69
15 42 64
15 11 81
15 31 69
15 23 93
15 9 92
15 12 3
15 27 49
15 34 56
15 7 45
15 43 70
15 29 24
15 32 -5
15 19 86
15 40 55
15 46 -2
15 3 78
15 33 26
15 0 41
16 17 78
16 35 28
16 29 74
16 26 20
16 42 97
16 32 26
16 49 87
16 43 8
16 9 56
17 18 80
17 20 37
17 45 22
17 21 4
17 11 26
17 27 93
17 23 91
17 5 52
17 19 66
17 4 90
17 9 43
18 19 8
18 49 22
18 29 10
18 40 9
18 41 93
18 30 -5
18 11 30
18 32 59
18 34 98
18 45 3
18 9 17
18 43 70
18 22 76
18 25 85
18 33 24
18 48 100
18 37 68
18 35 -2
18 44 35
18 15 31
18 26 4
18 24 82
18 2 84
18 3 71
19 20 75
19 43 89
19 31 4
19 16 42
19 9 17
19 8 63
19 45 84
19 30 30
19 39 62
19 38 24
19 1 92
19 35 11
20 21 47
20 31 43
20 35 87
20 40 64
20 33 19
20 39 70
20 43 62
20 49 28
20 28 48
20 47 -2
20 30 60
20 48 22
20 44 95
20 16 54
20 45 37
21 22 78
21 26 54
21 39 75
21 47 97
21 25 33
21 38 85
21 9 8
21 48 25
21 0 6
21 46 3
21 1 -1
21 44 55
21 29 99
21 15 41
21 34 -3
21 37 93
22 23 28
22 35 49
22 10 82
22 46 56
22 0 38
22 34 69
22 29 -3
22 30 33
22 49 57
22 39 5
22 47 36
23 24 1
23 32 3
23 40 74
23 30 47
23 18 60
23 8 100
23 21 70
23 20 73
23 28 52
23 47 37
23 45 49
23 11 92
23 29 74
23 26 77
23 10 30
23 46 23
23 35 0
23 38 22
23 19 38
23 36 14
23 0 89
23 4 51
23 49 83
23 1 93
23 27 87
24 25 58
24 31 12
24 0 20
24 35 33
24 46 30
24 40 66
24 37 2
25 26 53
25 39 90
25 7 50
25 16 29
25 45 98
26 27 66
26 39 80
26 20 53
26 46 69
26 37 83
26 47 42
26 24 -3
26 17 64
26 9 37
26 40 98
26 19 85
26 49 30
26 34 39
26 22 55
26 43 32
26 3 70
26 42 56
27 28 83
27 36 1
27 25 14
27 48 66
27 18 26
27 31 43
27 30 41
27 19 -5
27 49 79
27 46 42
27 37 95
27 5 4
27 16 24
27 38 43
28 29 48
28 34 80
28 37 73
28 11 25
29 30 60
29 31 55
29 48 92
29 12 61
29 0 19
29 47 53
29 37 91
29 36 64
29 40 5
29 32 15
29 17 87
29 39 32
30 31 15
30 15 95
30 21 32
30 28 80
30 49 30
30 46 -1
30 48 53
30 47 49
30 44 27
31 32 9
31 45 82
31 1 44
31 36 96
31 21 85
31 41 84
32 33 34
32 47 59
32 42 58
32 37 55
32 30 9
32 43 97
32 1 89
32 34 49
32 25 40
32 3 15
32 35 93
32 40 48
32 24 13
32 8 18
32 41 0
32 44 37
32 5 2
33 34 65
33 21 44
33 46 41
33 11 50
33 0 49
33 27 75
33 30 7
33 9 95
33 28 56
33 25 19
33 40 47
33 17 61
33 1 98
33 22 16
33 24 64
33 39 8
33 31 76
33 12 95
33 44 57
33 5 -1
33 38 39
34 35 12
34 29 68
34 2 94
34 3 32
34 27 54
34 20 23
34 13 89
34 45 25
34 41 63
34 19 43
34 8 79
35 36 4
35 41 32
35 47 7
35 39 41
35 49 59
35 28 72
35 26 28
35 37 14
35 9 92
36 37 95
36 17 27
36 10 76
36 49 76
36 12 25
36 21 58
36 30 68
36 2 73
36 9 58
36 20 2
36 34 93
36 22 20
36 25 90
37 38 73
37 4 71
37 49 18
37 13 29
37 30 42
37 9 92
37 41 2
37 25 65
37 43 15
37 33 45
37 45 34
37 34 96
37 5 39
37 42 99
37 39 56
37 44 -3
37 17 97
37 6 37
37 20 15
37 15 97
38 39 30
38 49 77
38 44 92
38 2 85
38 15 88
38 18 60
38 46 40
38 31 93
38 28 71
38 17 11
38 4 55
38 26 -4
38 43 53
38 1 88
38 47 2
38 3 15
39 40 96
39 7 1
40 41 58
40 37 74
40 7 73
40 1 33
41 42 5
41 25 67
42 43 52
42 49 40
42 17 73
42 22 1
42 47 -3
42 40 31
42 24 19
42 45 87
42 1 66
42 48 15
42 46 15
42 19 3
42 27 80
42 3 -3
43 44 54
43 23 96
43 46 17
43 1 24
43 33 99
43 40 98
43 8 59
43 45 4
43 49 15
43 39 34
43 31 61
43 5 40
43 2 77
43 41 17
43 28 5
43 24 33
44 45 73
44 29 42
44 41 4
44 23 56
44 13 95
44 0 72
44 47 39
45 46 30
45 39 97
45 2 74
45 21 48
45 26 92
45 14 95
45 24 70
45 40 87
45 15 94
45 30 32
45 48 24
45 9 40
45 22 61
46 47 6
46 11 8
46 12 45
46 40 57
46 34 62
46 32 7
46 1 -5
47 48 20
47 27 36
47 43 87
47 7 56
47 40 9
47 6 6
47 1 87
47 11 83
47 34 45
47 36 6
47 24 22
48 49 92
48 36 90
48 0 82
48 35 67
48 31 9
48 37 47
48 7 27
48 10 12
49 9 25
49 21 11
49 46 6
49 44 94
49 24 55
49 1 25
49 25 74
49 4 6
0

Output:
0:0
1:-10
2:-14
3:-2
4:1
5:-6
6:-4
7:7
8:16
9:2
10:16
11:3
12:16
13:24
14:2
15:31
16:8
17:11
18:1
19:-15
20:-7
21:-3
22:2
23:-5
24:-7
25:-5
26:-4
27:-10
28:15
29:-3
30:-4
31:-11
32:-2
33:12
34:-6
35:-5
36:-9
37:-5
38:0
39:7
40:0
41:-4
42:1
43:10
44:-8
45:-1
46:-5
47:-9
48:11
49:-5

-------------------

Input:
50 760
0 1 -1
0 19 68
0 20 95
0 24 40
0 25 58
0 33 79
0 40 70
0 4 61
0 37 87
0 47 37
0 26 91
0 23 63
0 29 32
0 46 71
0 30 1
1 2 76
1 47 94
1 35 46
1 46 9
1 41 87
1 23 18
1 34 26
1 13 45
1 45 27
1 30 64
1 37 -1
1 24 11
1 14 94
1 6 55
1 44 47
1 33 15
1 22 84
1 9 32
1 27 14
1 43 52
1 32 15
1 11 80
1 8 56
1 5 29
1 10 79
1 36 40
1 17 74
2 3 82
2 49 -1
2 14 -2
2 27 89
2 15 21
2 13 7
2 16 -3
2 6 80
2 5 60
2 44 55
3 4 60
3 40 34
3 27 100
3 22 2
3 10 98
3 28 6
3 21 83
3 30 4
3 15 89
4 5 67
4 27 91
4 9 99
4 18 58
4 21 61
4 15 51
4 49 23
4 10 80
4 11 -5
4 31 95
4 36 17
4 28 74
4 14 66
5 6 -3
5 7 100
5 26 25
5 34 14
5 0 39
5 35 23
5 14 30
5 11 46
5 24 45
5 46 80
5 9 4
5 33 25
5 8 65
5 16 62
5 49 8
5 45 58
5 28 4
5 38 41
5 32 26
6 7 17
6 36 11
6 21 70
6 4 96
6 29 16
6 37 68
6 33 73
6 13 -4
6 26 80
6 44 48
6 14 32
6 41 12
6 38 93
6 22 17
6 23 19
6 28 90
6 12 -4
6 19 31
6 8 40
6 15 49
6 48 45
6 25 43
6 0 76
6 49 32
6 18 9
6 39 88
6 10 7
6 20 34
6 3 63
6 42 99
6 34 59
7 8 92
7 29 11
7 0 16
7 3 60
7 45 53
7 15 35
7 47 17
7 20 1
7 44 28
7 19 -2
7 2 100
8 9 58
8 43 23
8 36 57
8 32 9
8 19 78
8 18 33
8 37 -2
8 4 91
8 15 48
8 39 76
8 49 45
8 25 84
8 41 47
8 2 58
8 13 47
8 46 53
8 20 78
8 10 9
8 40 24
8 14 54
8 16 67
8 33 63
8 22 7
9 10 67
9 28 46
9 38 27
9 49 81
9 13 10
9 20 27
9 25 18
9 41 17
9 45 11
9 7 55
9 21 65
9 44 85
9 43 87
9 26 40
9 47 25
9 16 100
9 36 19
9 19 26
9 33 26
9 34 8
9 0 24
9 2 70
9 24 100
9 39 28
9 40 90
9 32 33
10 11 14
10 37 78
10 49 45
10 19 42
10 43 66
10 40 42
10 18 90
10 15 50
10 39 55
10 16 54
11 12 23
11 42 33
11 19 69
12 13 -4
12 34 85
12 39 41
12 48 65
12 30 69
12 28 92
12 44 40
12 38 75
12 33 89
12 7 44
12 41 95
12 24 34
12 42 5
12 0 67
13 14 97
13 11 65
13 18 61
13 32 23
13 24 65
13 29 58
13 7 28
13 36 67
13 3 25
14 15 90
14 34 14
14 12 69
14 40 -3
14 16 2
14 35 47
14 17 9
14 27 52
14 0 67
14 37 31
14 49 42
14 29 84
14 22 68
14 39 91
14 44 49
14 10 39
14 26 88
14 25 65
14 46 22
14 32 34
14 11 64
14 3 6
14 43 8
14 24 46
15 16 12
15 49 56
15 35 76
15 21 69
15 31 48
15 5 24
15 36 55
15 17 36
15 43 95
15 1 75
15 26 80
15 19 7
15 40 91
15 13 66
15 24 73
15 38 99
16 17 55
16 45 19
16 30 -1
16 33 43
16 20 7
16 47 64
16 34 36
16 29 85
16 39 92
16 27 -1
16 21 16
16 49 4
16 11 33
16 7 -5
16 3 4
16 43 92
16 12 11
17 18 67
17 8 68
17 24 99
17 35 51
17 21 45
17 4 29
17 27 3
17 26 3
17 7 58
17 11 98
17 39 31
17 42 29
17 40 98
17 49 15
17 43 47
18 19 30
18 29 77
18 42 16
18 35 7
18 1 50
18 7 76
18 23 88
18 26 21
18 28 33
18 12 91
18 38 9
18 3 67
18 32 70
18 45 80
18 37 58
18 16 32
18 36 40
18 5 80
18 2 79
18 21 1
18 47 -1
18 24 16
18 40 23
19 20 8
19 23 68
19 48 30
19 37 96
19 47 78
19 2 46
19 22 100
19 21 92
19 26 53
19 33 5
19 32 86
19 25 16
20 21 43
20 5 19
20 32 52
20 15 30
20 47 57
20 12 28
20 25 30
20 26 85
20 43 1
20 42 9
20 18 86
20 35 64
20 24 57
20 45 75
20 28 46
20 44 43
20 10 66
20 33 88
20 17 12
20 37 28
20 30 24
20 11 95
20 27 33
20 39 97
20 29 -4
21 22 87
21 11 93
21 32 18
21 1 51
21 13 29
21 40 76
21 36 56
21 47 92
21 31 0
21 14 99
21 39 64
21 5 67
21 12 35
21 44 51
21 0 75
21 45 71
21 27 94
22 23 35
22 18 73
22 44 99
22 41 28
22 31 44
22 0 51
22 7 12
22 29 -2
22 16 3
22 42 69
22 47 69
22 34 81
22 25 47
22 32 90
22 5 -3
22 28 92
22 2 -1
22 46 51
22 12 -3
22 43 43
22 33 3
23 24 57
23 34 33
23 21 69
23 43 -1
23 25 27
23 41 88
23 20 17
23 9 18
23 31 47
23 44 56
23 32 -5
23 4 96
23 3 43
23 5 89
23 42 19
23 27 76
23 17 25
23 12 48
23 49 92
24 25 46
24 11 30
24 31 65
24 3 12
24 41 63
25 26 57
25 21 33
25 10 60
25 41 46
25 45 38
25 2 15
25 49 3
25 1 28
25 29 94
25 46 38
25 33 50
25 15 78
25 43 53
25 40 79
25 39 88
25 34 87
26 27 14
26 4 -1
26 29 100
26 34 23
26 8 85
26 3 21
26 39 36
26 22 16
26 7 90
26 45 58
26 33 90
26 37 87
26 41 42
26 30 -4
26 46 19
26 16 60
27 28 -4
27 40 38
27 38 45
27 0 31
27 24 23
27 9 61
27 15 43
27 36 44
27 49 97
27 5 26
27 44 71
27 25 6
27 7 20
27 22 70
27 30 72
27 8 1
27 19 52
27 32 74
27 37 70
27 31 -3
27 42 15
28 29 2
28 2 58
28 38 69
28 31 95
28 17 -2
28 45 24
28 16 57
28 11 90
28 21 20
28 36 22
28 15 11
28 25 24
28 14 85
28 33 44
28 42 39
29 30 61
29 3 20
29 32 92
29 46 45
29 27 7
29 43 18
29 36 31
29 4 53
29 19 15
29 5 76
29 44 16
29 37 12
29 21 10
29 31 71
29 10 71
29 17 86
29 2 74
30 31 1
30 11 46
30 32 21
31 32 54
31 16 6
31 10 92
31 44 55
31 33 -2
31 46 4
31 1 94
31 37 88
31 25 49
31 47 86
31 0 20
31 43 88
31 38 46
31 11 64
31 13 7
31 40 0
31 34 86
31 42 53
32 33 35
32 26 29
32 45 51
32 42 41
32 28 68
32 3 35
32 47 43
32 39 63
33 34 61
33 30 11
33 13 7
33 49 23
33 43 75
33 42 51
33 24 47
33 39 95
33 15 41
33 45 38
33 7 59
33 47 8
33 40 24
33 10 68
33 38 99
34 35 33
34 11 81
34 13 35
34 2 71
34 17 70
34 28 0
34 36 89
34 3 21
34 49 19
34 30 91
35 36 54
35 39 70
35 9 45
35 29 25
35 46 42
35 0 23
35 11 16
35 45 62
35 37 92
35 42 75
35 4 78
35 13 60
35 48 94
35 31 9
35 44 35
35 26 27
35 40 27
36 37 -4
36 11 58
36 46 86
36 16 52
36 12 85
36 10 83
36 41 62
36 7 64
36 24 7
36 32 33
36 40 37
36 22 47
36 42 35
36 31 7
36 25 33
36 26 88
36 20 14
36 49 17
37 38 11
37 30 60
38 39 98
38 42 18
38 25 38
38 17 4
38 14 64
38 30 88
38 46 90
38 47 77
38 45 100
38 40 69
38 11 37
38 13 60
38 35 39
38 21 8
38 41 69
38 24 75
38 29 78
39 40 9
39 28 75
39 5 -4
39 3 4
39 45 86
39 30 95
39 36 86
39 41 24
39 23 92
39 46 8
39 29 52
39 19 44
39 18 47
39 37 17
39 43 98
39 34 5
39 24 -4
39 15 54
39 42 76
39 22 38
39 1 91
39 44 33
39 11 90
40 41 2
40 26 91
40 1 27
40 19 41
40 2 64
40 6 93
40 47 29
40 5 18
40 22 19
40 43 80
40 12 54
40 48 80
40 7 16
40 30 6
40 11 16
40 32 66
40 49 7
40 28 69
41 42 6
41 3 54
41 44 37
42 43 70
42 47 56
42 26 72
42 48 -2
42 24 65
42 4 10
42 40 60
42 1 35
42 15 95
42 44 72
42 10 32
42 25 80
42 7 55
42 49 91
42 19 -4
42 37 38
42 13 15
42 14 9
42 0 92
42 34 69
43 44 33
43 7 22
43 48 99
43 30 19
43 6 2
43 46 39
43 36 97
43 27 92
43 24 51
43 4 55
43 3 49
43 45 12
43 2 25
43 18 92
43 28 5
43 37 61
43 49 57
43 21 69
43 41 32
43 35 90
43 19 7
44 45 90
44 5 52
44 18 8
44 10 15
44 16 19
44 36 62
44 47 4
44 26 53
44 11 -2
44 48 15
44 0 4
44 3 16
44 8 36
44 33 27
45 46 83
45 27 64
45 6 12
45 49 36
45 0 15
45 34 60
45 23 25
45 19 62
45 3 21
45 10 87
45 30 53
45 40 37
45 42 60
46 47 -4
46 6 66
46 44 36
46 7 32
46 11 63
46 17 95
46 40 41
46 41 65
46 21 33
46 12 34
46 34 91
46 4 -5
46 2 95
46 9 78
46 10 32
47 48 59
47 49 -4
47 36 23
47 35 87
47 4 47
47 24 20
47 39 100
47 12 83
47 15 14
47 6 13
47 11 -5
47 2 39
47 8 98
47 30 35
47 13 76
47 27 33
47 5 54
48 49 2
48 11 60
48 22 85
48 26 36
48 18 92
49 1 78
49 18 38
49 44 87
49 37 31

Output:
Negativen ciklus!

--------------------

Input:
50 841
0 1 30
0 21 61
0 33 74
0 40 59
0 42 77
0 18 14
0 14 58
0 37 5
0 36 64
0 20 0
0 47 25
0 13 20
0 23 -3
0 22 18
0 39 51
0 29 38
0 17 87
0 9 82
0 6 -3
0 10 36
0 25 72
0 44 57
0 38 76
0 26 61
0 48 9
0 35 63
0 31 69
1 2 71
1 37 88
1 10 -3
1 7 40
1 20 79
1 18 5
2 3 -1
2 31 61
2 12 75
2 48 42
2 7 76
2 4 0
2 20 10
2 11 96
2 41 1
2 14 66
2 28 100
2 32 59
2 49 23
2 36 58
2 15 58
2 47 100
2 42 37
2 23 10
2 29 57
2 9 16
2 10 52
2 39 54
2 5 -1
2 34 71
2 46 55
2 22 -2
2 30 64
2 6 44
2 25 81
2 27 40
3 4 -1
3 21 85
3 14 70
3 9 33
3 20 21
3 5 0
3 43 8
3 6 11
3 31 19
3 19 25
3 36 4
3 48 -2
3 23 15
3 8 44
3 27 34
3 37 2
3 17 100
3 22 30
3 10 -1
3 30 99
3 46 6
3 28 59
4 5 87
4 44 33
4 21 43
4 16 45
4 40 92
4 23 39
4 47 34
4 14 25
4 20 83
4 12 49
4 46 88
4 33 13
4 22 62
4 1 36
4 28 91
4 39 95
4 10 29
4 43 58
4 34 64
4 6 3
4 15 2
4 27 76
4 49 92
4 26 20
4 19 3
4 31 24
4 25 49
4 9 42
4 13 27
4 17 29
4 42 72
5 6 20
5 49 14
5 28 83
5 20 24
5 46 84
5 19 70
5 13 67
5 47 50
5 23 85
5 43 93
5 21 70
5 26 10
5 32 61
5 37 30
5 18 48
5 41 87
5 27 0
5 39 35
5 0 97
5 35 34
5 11 18
5 16 99
5 8 0
6 7 92
6 29 41
7 8 56
7 49 71
7 46 78
7 15 65
7 26 2
7 34 52
7 22 5
7 47 91
7 11 21
7 38 44
7 30 6
7 28 63
7 27 97
8 9 11
8 31 7
8 36 87
8 29 58
8 47 -1
8 38 60
8 45 4
8 41 36
8 10 35
8 23 3
8 24 42
8 21 94
8 26 77
8 0 53
8 14 19
8 25 98
8 49 96
8 46 37
8 28 32
8 42 75
8 37 10
8 32 77
8 44 -2
8 2 -2
8 19 5
8 40 76
8 11 34
8 30 54
8 12 80
9 10 70
9 23 2
9 41 21
9 45 40
9 19 90
9 42 40
9 33 38
9 40 41
9 25 85
9 11 97
9 39 8
9 48 62
9 27 3
9 35 88
9 17 39
9 16 55
9 15 26
9 36 73
10 11 56
10 41 75
10 26 10
10 12 65
10 34 -3
10 7 99
10 48 -5
10 36 8
10 47 15
10 44 36
10 40 61
10 19 58
10 43 45
10 29 0
10 24 63
10 30 27
10 28 6
10 37 46
10 25 64
10 22 82
10 49 66
10 20 46
10 31 7
10 33 24
10 35 22
10 17 39
11 12 71
11 26 99
11 4 67
11 17 52
11 27 24
11 14 33
11 44 53
11 16 76
11 23 22
11 34 98
11 28 28
11 30 72
11 22 -1
11 38 5
11 36 16
11 18 72
11 32 8
11 19 81
11 1 44
11 45 52
12 13 29
12 42 100
12 33 14
12 36 6
12 27 31
12 43 32
12 39 85
12 38 71
12 18 79
12 28 98
13 14 11
13 7 28
13 26 2
13 19 -1
13 27 76
13 35 74
13 8 87
13 32 5
13 33 -3
14 15 29
14 32 51
14 31 26
14 19 89
14 46 22
14 43 56
14 1 25
14 22 42
14 40 12
14 30 37
14 34 84
14 39 -5
14 23 15
14 20 34
14 26 8
14 36 28
15 16 1
15 13 95
15 5 -5
15 24 78
15 30 50
15 27 24
15 46 79
15 31 42
15 3 6
15 43 -1
15 35 52
15 29 67
15 11 52
15 32 35
15 45 20
15 28 55
15 39 44
15 49 -5
15 6 47
15 44 -3
15 23 86
15 0 59
15 47 43
15 26 11
15 38 99
15 20 87
16 17 2
16 7 43
16 48 22
16 1 35
16 32 63
16 37 -3
16 31 12
16 23 16
16 36 73
16 8 13
16 30 76
16 14 27
16 2 11
16 10 -5
16 0 92
16 38 18
16 21 5
16 29 17
16 35 65
16 46 30
16 49 91
16 41 34
16 39 68
17 18 17
17 43 64
17 34 61
17 32 59
17 28 27
17 30 50
17 31 53
17 44 0
17 23 96
17 37 44
17 14 82
17 13 34
17 45 33
17 6 -4
17 21 32
17 12 71
17 40 44
17 22 -5
17 1 45
17 24 66
17 49 69
17 39 81
17 8 91
17 41 33
17 15 61
17 48 92
17 47 100
17 38 44
17 19 41
17 36 73
17 7 53
18 19 42
18 31 54
18 26 46
18 48 90
18 25 29
18 15 17
18 40 40
18 38 77
18 23 22
18 4 79
18 21 70
18 33 24
18 32 63
18 36 57
18 47 95
18 9 69
18 20 18
18 27 81
18 29 100
18 39 40
18 16 68
18 8 -4
18 45 75
18 35 22
18 10 79
18 24 73
18 42 66
18 34 3
19 20 8
19 48 -3
19 39 53
19 26 72
19 33 59
19 44 1
19 1 89
19 43 43
19 47 64
19 31 38
19 12 85
19 45 51
19 15 11
19 32 23
19 34 81
19 0 15
19 29 74
19 35 53
19 21 24
19 23 80
19 37 57
19 27 61
19 41 90
19 6 14
19 49 1
20 21 72
20 29 77
20 37 88
21 22 15
21 38 95
21 29 94
21 35 68
21 37 64
21 24 48
21 7 45
21 1 12
21 6 97
21 12 32
21 9 43
21 30 43
21 11 99
21 39 1
21 13 91
21 32 -2
21 44 52
21 15 20
21 45 3
21 47 82
21 36 39
21 27 96
21 42 69
22 23 10
22 18 9
22 26 53
22 25 16
22 6 -2
22 44 22
22 45 67
22 36 24
22 15 92
22 20 32
22 49 13
22 27 62
22 37 15
22 34 33
22 8 6
22 19 29
22 5 38
22 12 70
22 47 75
22 33 7
22 30 -1
22 9 91
22 24 3
22 40 24
22 42 29
22 48 28
23 24 76
23 48 25
23 37 89
24 25 1
24 42 -5
24 45 76
24 19 69
24 27 34
24 14 91
24 34 41
24 41 65
24 9 38
24 16 23
24 6 25
24 43 55
24 30 45
24 1 29
24 44 6
24 49 2
24 5 10
24 36 35
24 38 25
24 39 15
24 2 34
25 26 36
25 12 53
25 38 24
25 21 89
25 3 66
25 36 45
25 45 10
25 49 90
25 7 33
25 34 94
25 30 61
25 29 13
25 48 99
25 17 4
25 1 22
25 43 37
25 11 58
25 42 97
25 16 55
25 40 12
25 47 56
26 27 47
26 9 15
26 34 96
26 16 6
26 40 49
26 42 14
26 12 35
26 24 0
26 49 9
26 30 18
26 37 68
26 23 37
26 2 94
26 31 12
26 28 31
26 29 41
26 39 86
27 28 31
27 47 76
27 0 82
27 31 38
27 16 54
27 48 41
27 46 11
27 23 52
27 29 10
27 45 73
27 36 78
27 37 57
27 32 40
27 43 6
27 38 -4
27 25 3
27 44 19
27 34 61
27 39 15
27 1 20
27 42 34
27 33 85
27 17 19
27 41 48
27 35 21
28 29 83
28 44 50
28 33 46
28 49 43
28 32 13
28 38 40
28 31 5
28 48 90
28 16 -1
28 9 87
28 19 18
28 1 54
28 21 57
28 14 90
28 22 25
28 46 90
28 40 20
28 13 81
28 45 88
28 30 44
28 37 4
29 30 26
29 38 13
29 7 12
29 4 31
29 5 48
29 37 7
29 3 76
29 45 85
29 31 40
29 11 67
29 46 72
29 48 4
29 35 76
29 9 57
29 14 32
29 44 82
29 17 65
29 41 -1
29 49 77
29 47 4
29 40 12
29 23 81
30 31 57
30 34 -5
30 19 54
30 5 25
30 1 37
30 41 91
30 18 61
30 39 83
30 46 45
30 42 32
30 4 16
30 32 84
30 38 15
30 6 41
31 32 94
31 42 87
31 46 76
31 37 7
31 25 35
31 13 97
31 23 -3
31 41 25
31 45 25
31 36 33
31 44 37
31 12 46
31 39 -3
31 38 99
31 40 66
31 11 82
31 9 7
31 1 99
31 7 10
31 21 8
31 6 30
31 49 31
32 33 85
32 25 1
32 46 20
32 22 91
32 26 8
32 9 -5
32 40 42
32 48 79
32 10 40
32 45 20
32 20 17
32 34 34
33 34 86
33 39 99
33 36 4
33 8 61
33 6 59
33 3 80
33 23 38
33 26 74
33 15 56
33 30 6
33 17 89
34 35 42
34 37 19
34 3 52
34 0 85
34 45 7
35 36 0
35 43 77
35 39 78
35 11 38
36 37 25
36 43 80
36 28 -4
36 7 7
36 40 21
36 20 52
36 45 83
36 49 29
36 41 40
36 26 -3
36 6 69
36 29 11
36 34 94
36 4 10
36 15 -3
36 39 26
36 44 45
36 23 20
36 19 14
36 42 -2
37 38 61
37 7 38
37 39 -1
37 43 0
38 39 48
38 42 72
38 10 50
38 5 86
38 26 22
38 6 2
38 9 20
38 43 12
38 34 74
38 41 48
38 22 32
38 47 80
38 33 -3
38 32 65
38 23 28
38 2 90
38 14 69
38 40 35
38 44 9
38 35 58
39 40 40
39 10 45
39 43 77
39 6 14
39 28 67
39 11 59
39 25 37
39 3 42
39 32 28
39 48 29
39 34 56
39 46 65
40 41 58
40 27 3
40 35 15
40 45 61
40 37 75
40 44 90
40 12 17
40 5 9
40 24 36
40 34 61
40 1 87
40 16 20
40 46 66
41 42 36
41 7 88
41 35 27
41 28 39
41 4 93
41 47 32
41 37 11
41 43 8
41 6 58
41 46 41
41 34 -3
41 3 47
41 1 51
42 43 38
42 20 59
42 39 55
42 32 32
42 37 66
42 14 47
42 34 14
42 47 73
42 19 35
42 11 58
42 35 73
42 17 30
42 15 31
42 49 15
42 1 33
43 44 -2
43 45 77
43 7 59
43 49 68
43 13 99
43 47 28
43 46 19
43 40 46
43 2 29
43 1 61
43 18 17
43 0 80
43 23 61
43 22 3
43 32 11
43 31 66
43 16 92
44 45 20
45 46 47
45 0 56
45 30 81
45 4 33
45 10 55
45 3 49
45 14 43
45 13 54
45 37 97
45 33 79
45 16 57
45 38 -4
45 42 32
45 5 99
46 47 21
46 23 -4
46 22 75
46 33 40
46 18 3
46 49 78
46 11 51
46 34 1
46 36 65
46 13 53
46 19 1
46 12 24
46 10 8
46 9 66
46 24 99
47 48 85
47 14 75
47 36 91
47 23 91
47 20 5
47 33 4
47 11 6
47 6 73
47 13 45
47 24 86
47 16 54
47 28 19
47 44 20
48 49 20
48 21 80
48 35 46
48 6 32
48 42 66
48 43 91
48 45 44
48 4 9
48 14 11
48 24 2
48 46 98
48 31 50
49 0 65
49 38 32
49 9 1
49 47 79
49 3 74
49 39 11
49 34 16

Output:
Negativen ciklus!

-------------------------

Input:
50 770
0 1 87
0 48 86
0 40 69
0 17 7
0 16 45
0 11 91
0 25 74
0 38 37
0 34 54
0 12 84
0 41 38
0 4 7
0 14 42
0 18 24
0 19 41
0 9 56
0 47 97
0 21 31
1 2 59
1 3 25
1 28 32
1 29 4
1 17 87
1 6 77
1 10 62
1 13 15
1 49 92
1 11 0
1 19 25
1 21 -2
1 31 65
1 20 68
1 42 9
1 25 62
1 37 27
1 36 -5
1 26 2
1 24 3
1 23 87
1 32 100
1 35 56
1 30 4
1 16 22
2 3 98
2 43 69
2 48 20
2 14 88
2 46 29
2 44 48
2 36 54
2 41 55
2 39 20
2 9 49
2 34 52
2 18 4
2 21 27
2 49 29
2 22 44
2 28 30
2 47 14
2 7 87
2 37 38
2 24 30
2 15 23
2 27 -5
2 38 -2
2 32 75
2 6 69
2 29 94
2 33 64
2 13 85
2 19 62
2 23 50
2 0 -2
2 31 94
3 4 77
3 24 41
3 0 34
3 48 16
3 37 55
3 42 71
3 43 27
3 25 79
3 49 25
3 10 2
3 32 41
3 35 82
3 30 33
3 41 49
3 44 94
3 31 29
3 12 45
3 45 65
3 36 52
3 14 67
3 47 78
4 5 8
4 8 68
5 6 66
5 1 78
5 8 50
5 27 -2
5 47 13
5 20 82
5 32 69
5 17 22
5 21 3
5 40 3
5 33 50
5 16 17
5 13 49
5 0 79
5 28 49
5 2 -1
5 45 27
5 41 46
5 42 76
5 24 84
5 34 8
5 23 10
5 26 -4
5 15 60
5 3 96
5 14 79
5 19 28
5 43 87
6 7 37
6 23 20
6 32 65
6 44 30
6 43 33
6 18 98
6 10 72
6 15 16
6 8 1
6 33 76
6 21 0
6 17 51
6 31 -2
6 38 27
6 9 5
6 3 1
6 39 40
6 12 12
6 19 97
7 8 42
7 39 53
7 37 70
7 19 41
7 18 98
7 23 20
7 1 62
7 49 -2
7 3 31
8 9 16
8 26 93
8 43 100
8 23 7
8 16 39
8 30 25
8 47 72
8 13 2
8 35 83
8 44 85
8 40 81
8 24 -1
8 45 18
8 18 58
9 10 87
9 41 84
9 35 27
9 31 89
9 44 98
9 14 99
9 4 2
9 43 86
9 38 79
9 23 24
9 12 85
9 47 97
9 17 71
10 11 80
10 31 48
10 5 81
10 21 94
11 12 47
11 36 18
11 18 48
11 28 88
11 3 30
12 13 69
12 45 9
12 47 95
12 43 86
12 4 96
12 5 49
12 35 14
12 37 63
12 1 92
12 16 16
12 28 46
12 39 37
12 41 79
12 19 57
12 49 26
12 27 50
12 26 33
12 8 65
13 14 71
13 44 31
13 45 27
13 22 54
13 16 4
13 26 74
13 9 47
13 39 29
13 35 21
13 33 79
13 34 77
13 4 1
13 6 7
13 7 86
13 47 35
13 30 88
13 25 71
13 43 76
13 32 83
13 18 61
13 46 66
13 40 92
13 41 7
13 17 44
13 23 35
13 11 1
13 28 94
13 10 13
14 15 83
14 27 16
14 34 77
14 12 17
14 18 16
14 10 47
14 35 67
14 6 63
14 30 71
14 11 95
14 36 49
14 28 35
14 46 47
14 26 4
14 37 49
14 19 69
14 17 70
14 20 34
14 44 28
14 33 44
14 47 25
14 16 49
15 16 98
15 47 52
15 41 61
15 40 -2
15 38 4
15 24 29
15 30 83
16 17 64
16 24 70
16 22 20
16 38 17
16 7 5
16 46 28
16 11 45
16 35 29
16 29 88
16 45 2
16 49 29
16 40 64
16 32 3
16 20 51
16 39 90
16 25 75
17 18 64
17 29 91
17 21 71
17 26 49
17 44 100
17 37 36
17 3 26
17 11 25
17 23 73
17 27 69
17 10 95
17 32 9
17 30 3
17 41 57
17 4 48
17 49 47
17 15 25
18 19 58
18 10 60
18 34 28
18 46 10
18 33 74
18 5 71
18 1 58
18 39 39
18 21 77
18 38 56
19 20 0
19 41 3
19 44 28
19 32 33
19 40 51
19 8 98
19 4 94
19 24 99
19 29 -1
19 22 61
19 10 80
19 34 15
19 28 58
19 48 96
19 11 51
19 9 64
19 26 57
20 21 -3
20 6 29
20 17 92
20 43 88
20 0 91
20 9 2
20 27 37
20 37 17
20 49 98
20 18 21
20 28 75
20 34 52
20 38 79
21 22 31
21 32 68
21 44 40
21 40 90
21 37 17
21 8 34
22 23 55
22 14 15
22 20 5
22 8 17
22 28 68
22 45 93
22 47 90
22 33 39
22 18 2
22 27 87
22 0 5
22 37 16
22 36 53
22 11 23
22 34 36
22 24 56
22 42 -2
22 5 65
22 38 52
22 10 45
23 24 4
23 11 100
23 44 35
23 38 84
23 41 78
23 33 87
23 20 -1
23 45 97
23 16 -3
23 37 93
23 48 51
23 47 17
23 26 -5
23 3 15
23 14 67
23 40 -3
23 10 48
23 31 20
23 25 2
23 43 16
23 4 44
23 32 7
24 25 32
24 27 38
24 31 17
24 47 58
24 20 7
24 4 4
24 43 0
24 45 64
24 48 57
24 49 18
24 21 0
24 41 45
24 10 87
25 26 67
25 29 8
25 8 0
25 11 5
25 38 64
26 27 44
26 24 -4
26 2 81
26 0 72
26 37 21
26 43 100
26 4 16
26 32 -1
26 40 100
26 34 34
26 21 6
26 28 -3
26 3 61
26 22 -4
26 15 90
26 44 87
26 45 48
26 35 29
26 39 15
26 6 47
26 7 18
26 18 15
26 38 99
27 28 57
27 33 24
27 6 58
27 42 15
27 25 68
27 41 91
27 0 11
27 44 -4
27 3 14
27 31 76
27 35 2
27 43 0
27 9 24
27 1 76
27 19 0
27 10 95
27 16 57
27 7 86
27 49 57
27 4 25
27 11 27
27 13 83
28 29 49
28 15 79
28 24 22
28 44 63
28 25 35
28 9 58
28 30 99
28 48 77
28 43 76
28 6 6
28 3 47
28 32 43
28 8 59
28 33 79
28 41 93
28 31 22
28 35 52
28 36 55
28 37 39
28 49 23
28 10 72
28 34 21
28 39 58
28 42 69
29 30 79
29 21 70
29 0 12
29 35 62
29 38 90
29 39 20
29 7 41
29 24 -4
29 12 39
29 13 83
29 48 89
29 43 69
29 10 54
29 32 12
29 34 2
29 18 20
29 4 2
29 3 -5
29 37 41
29 5 64
29 14 34
29 42 -3
29 36 14
29 20 7
30 31 58
30 39 18
30 32 91
30 42 8
30 24 32
30 6 29
30 27 18
30 16 -1
30 23 35
30 20 50
30 40 68
30 45 38
30 18 10
30 11 62
30 4 87
30 5 86
30 19 -4
30 44 73
30 25 84
30 46 4
30 10 5
30 43 80
31 32 87
31 25 22
31 12 80
31 40 29
31 26 69
31 46 17
31 20 54
31 19 19
31 34 50
31 38 70
31 7 83
31 13 13
31 29 75
31 42 26
31 47 36
31 36 13
31 15 41
31 16 78
31 8 10
31 5 24
31 49 41
31 17 73
31 48 -5
32 33 28
32 14 97
32 8 69
32 38 65
32 10 -4
32 36 64
32 27 57
32 42 93
33 34 33
33 19 39
33 40 55
33 12 70
33 49 32
33 43 71
34 35 8
34 47 51
34 24 71
34 1 47
34 41 73
34 30 35
35 36 58
35 42 36
35 10 -3
35 37 81
35 30 10
35 17 41
35 49 52
35 32 -2
35 21 66
35 31 70
35 44 15
35 25 53
35 15 59
35 45 92
35 33 60
35 2 44
35 19 83
35 46 43
36 37 57
36 34 62
36 5 5
36 27 14
37 38 22
37 5 56
37 18 85
37 39 84
37 9 95
37 16 16
37 4 78
37 34 0
37 0 81
37 46 55
37 19 31
37 48 35
37 27 7
37 42 84
37 10 74
37 40 53
37 25 79
38 39 47
38 21 86
38 3 60
38 35 58
38 7 96
38 24 10
38 13 99
38 47 -2
38 4 86
38 49 29
38 19 37
38 40 95
38 8 -1
38 42 14
38 10 72
38 30 70
38 43 81
38 1 56
38 14 34
39 40 59
39 49 53
39 3 28
39 20 56
39 35 -4
39 36 55
39 23 90
39 33 72
39 5 46
39 45 70
40 41 65
40 20 28
40 42 18
40 6 69
40 3 28
40 2 65
40 36 71
40 34 56
40 7 92
40 32 42
40 18 11
40 49 63
40 12 42
40 10 94
40 46 14
40 14 58
40 28 1
40 24 57
41 42 16
41 6 14
41 31 42
41 8 10
41 33 0
41 32 41
41 45 19
41 25 14
41 22 25
41 37 75
41 49 50
41 16 73
42 43 1
42 8 77
43 44 68
43 36 0
43 17 12
43 11 90
43 18 71
43 15 72
43 37 68
43 31 70
43 10 98
43 21 58
43 22 41
43 40 32
43 32 98
43 0 46
43 46 89
43 41 89
44 45 36
44 31 81
44 16 16
44 1 96
44 47 -3
44 41 34
44 38 32
44 25 31
44 18 6
44 24 59
44 5 84
44 42 69
44 0 85
44 20 53
44 29 75
45 46 13
45 36 4
45 31 45
45 18 61
45 40 36
45 6 55
45 20 65
45 2 7
45 15 29
45 49 62
46 47 56
46 33 18
46 26 44
46 28 1
46 5 -3
46 38 59
46 27 91
46 15 41
46 19 40
46 1 86
46 9 78
46 8 -4
46 20 57
46 41 84
46 29 31
46 22 93
46 39 -4
46 34 18
46 11 87
46 42 25
46 4 58
46 7 73
46 3 54
47 48 85
47 20 5
47 41 73
47 27 48
47 37 71
47 40 75
47 32 42
47 49 93
47 10 65
47 39 -2
47 42 84
47 43 54
47 26 46
48 49 18
48 12 92
48 30 8
48 16 48
48 34 50
48 4 -2
48 43 50
48 5 41
48 9 55
48 21 1
48 38 49
48 45 96
48 14 6
48 11 95
48 36 82
48 25 16
48 33 58
48 1 62
48 27 99
48 6 59
48 42 37
48 32 4
49 9 46
49 18 25
49 8 87
49 30 81
49 23 99
49 10 8
49 6 98
49 5 60
49 46 57

Output:
Negativen ciklus!

-----------------------(Од овој дел генераторот работи со тежини во ранг [-5,200])

Input:
50 820
0 1 32
0 41 190
0 13 199
0 18 185
0 23 117
0 20 34
0 31 51
0 47 19
0 33 110
0 30 159
0 11 144
0 21 181
0 2 20
0 36 -4
0 32 101
0 38 96
0 22 185
0 8 67
0 48 114
0 4 139
0 42 190
0 3 109
1 2 172
1 47 96
1 33 106
1 25 95
1 22 122
1 39 125
1 34 186
1 38 125
1 49 149
1 5 84
1 30 34
1 16 26
1 14 130
1 40 10
1 20 42
1 42 155
1 31 4
1 44 111
1 8 7
1 13 29
1 48 154
1 26 -5
1 12 3
1 10 182
1 28 37
1 4 33
1 37 26
1 18 194
1 41 181
2 3 28
2 45 200
2 12 32
2 46 32
2 27 162
2 49 196
2 43 28
2 15 92
2 4 41
2 33 12
2 29 144
2 32 37
2 5 179
2 20 169
2 41 104
2 10 155
2 44 189
2 23 87
2 24 187
2 34 44
2 28 13
2 36 193
2 40 26
2 17 34
2 39 62
2 38 150
2 13 199
2 7 115
2 31 54
2 47 21
2 8 104
2 37 41
3 4 41
3 9 78
3 7 70
3 19 83
3 12 2
3 25 184
3 21 91
3 35 154
3 18 77
3 43 31
3 48 21
3 44 -2
3 49 17
3 11 -1
3 32 172
3 29 39
3 31 122
3 33 116
3 24 125
3 17 177
4 5 143
4 10 79
4 26 162
4 25 145
4 9 69
4 47 81
4 32 69
4 34 114
4 6 115
4 35 178
4 48 6
4 8 95
4 44 194
4 29 11
4 42 104
4 46 184
4 39 105
4 20 99
4 40 10
4 12 107
4 38 99
4 23 71
4 13 83
4 49 173
4 28 19
4 37 90
4 14 36
4 17 81
4 36 165
5 6 87
5 46 171
5 47 2
5 21 58
5 34 26
5 13 176
5 17 105
5 38 87
6 7 186
6 9 176
6 47 139
6 11 54
6 49 136
6 35 118
6 33 10
6 25 17
6 38 119
6 15 61
6 3 31
6 14 93
6 46 138
6 29 115
6 12 88
6 20 186
6 23 43
6 28 154
6 36 100
6 44 85
6 34 37
6 40 172
6 21 109
6 39 58
6 30 -3
6 17 80
6 26 32
6 42 155
6 8 -3
6 43 183
6 37 44
6 27 174
7 8 189
7 10 58
7 33 19
7 27 182
7 44 60
7 22 155
7 43 98
7 4 8
7 13 184
7 41 98
7 17 193
7 28 165
7 18 155
7 48 139
7 15 194
7 49 172
7 16 194
7 21 118
7 23 114
7 11 122
7 14 58
7 25 151
7 32 196
7 37 82
7 12 8
8 9 186
8 27 78
8 44 112
8 23 22
8 5 59
8 47 135
8 21 17
8 19 161
8 14 65
8 25 162
8 20 37
9 10 24
9 24 148
9 28 180
9 47 18
9 16 157
9 46 123
9 12 186
9 49 7
9 27 183
9 22 175
9 17 55
9 31 161
9 14 13
9 13 22
9 37 130
9 40 64
9 1 167
9 48 146
9 43 59
9 18 41
9 36 33
9 20 153
9 34 -3
10 11 103
10 37 173
10 32 86
10 33 140
10 28 163
10 35 142
10 18 90
10 8 41
10 47 11
10 16 193
10 25 94
10 22 3
10 42 166
10 49 43
10 24 160
10 36 77
10 23 51
10 43 60
10 17 49
10 0 106
11 12 16
11 29 190
11 15 28
11 42 -2
11 18 152
11 13 159
11 22 200
11 44 33
11 23 163
11 37 113
11 47 22
11 48 5
11 41 103
11 49 69
11 24 132
11 35 62
11 40 21
11 5 95
11 20 42
11 31 96
11 17 116
11 27 194
11 36 3
11 1 117
11 30 24
11 28 177
11 9 93
11 34 148
12 13 60
12 15 176
12 48 91
12 20 168
12 39 120
12 24 136
12 44 11
12 30 140
12 31 140
12 21 122
12 46 20
12 27 23
12 28 149
12 8 191
13 14 28
13 38 3
13 23 21
13 40 -1
13 17 43
13 36 67
13 24 144
13 35 146
13 34 -1
13 16 168
13 41 85
13 30 161
13 6 4
13 49 113
13 29 96
13 48 131
13 33 94
13 10 83
13 18 25
13 42 172
13 25 182
13 15 139
14 15 114
14 26 176
14 5 179
14 11 69
14 22 150
14 20 188
14 43 191
14 29 156
14 42 83
14 33 70
14 27 28
14 25 1
15 16 52
15 26 75
16 17 70
16 25 32
16 12 -2
16 48 98
16 6 34
16 41 159
16 14 17
16 8 152
16 40 176
16 22 139
16 26 115
16 43 81
16 21 134
17 18 21
17 31 99
17 28 197
17 21 118
17 44 17
17 42 34
17 43 121
17 25 197
17 36 164
17 33 157
17 37 130
17 47 52
17 40 31
17 38 100
17 41 117
17 1 198
17 20 139
17 30 53
17 26 159
17 45 55
18 19 52
18 5 166
18 37 -1
18 8 53
18 41 112
18 48 71
18 32 64
18 40 128
18 34 132
18 43 6
18 29 106
18 21 12
18 23 179
18 25 71
18 42 17
18 31 11
18 35 2
18 20 102
18 47 23
18 14 177
18 12 142
18 39 12
19 20 -5
19 10 157
19 15 177
19 14 14
19 12 23
19 38 37
19 36 141
20 21 88
20 34 161
20 3 59
20 41 117
20 25 31
20 30 196
20 44 19
20 10 78
20 23 115
20 36 58
20 22 16
20 31 44
20 40 198
20 42 151
20 29 151
21 22 106
21 44 -3
21 39 132
21 37 156
21 45 133
21 33 177
22 23 31
22 25 54
22 47 173
22 17 128
22 26 5
22 30 174
22 39 138
22 41 60
22 5 160
22 3 30
22 18 71
22 45 -3
22 44 163
22 32 25
22 29 22
22 33 186
22 37 68
22 13 49
22 2 62
22 36 46
22 4 144
22 43 135
22 28 119
23 24 120
23 25 144
23 9 97
23 33 163
23 45 33
23 35 10
23 30 177
23 31 45
23 19 131
23 43 71
23 39 72
23 15 109
23 44 102
24 25 139
24 15 126
24 1 165
24 40 129
24 17 68
24 41 7
24 22 199
24 7 147
24 38 133
24 28 168
24 29 174
24 33 192
24 34 48
24 42 96
24 5 62
24 36 54
24 26 102
24 48 111
25 26 85
25 40 77
25 35 179
25 37 94
25 31 157
25 11 23
25 30 107
25 41 126
25 45 171
25 21 65
25 47 -1
25 28 89
25 49 195
25 29 198
25 44 0
25 42 170
25 32 48
25 43 101
25 48 161
25 19 -3
25 34 189
25 39 113
25 2 126
25 15 34
25 33 20
26 27 56
26 7 100
26 2 138
26 21 13
26 28 1
26 31 0
26 33 124
26 36 141
26 37 92
26 13 122
26 8 154
26 19 142
27 28 184
27 13 8
27 49 140
27 42 157
27 41 131
27 29 10
27 20 100
27 23 58
27 46 26
27 35 123
27 15 35
27 18 9
27 16 126
27 48 142
28 29 165
28 34 -3
28 20 65
28 45 146
28 43 49
28 30 123
28 18 124
28 21 108
28 13 12
28 35 21
28 23 167
28 46 55
28 49 91
28 42 82
28 0 147
28 3 156
28 33 69
28 8 70
28 44 174
28 31 80
29 30 87
29 46 130
30 31 83
30 26 169
30 37 194
30 33 18
31 32 36
31 48 72
31 6 17
31 21 102
31 46 26
31 7 71
31 15 177
31 49 5
31 19 103
31 43 151
31 38 177
32 33 143
32 9 150
32 45 1
32 41 82
32 39 137
32 17 56
32 38 90
32 35 185
32 24 108
32 5 22
32 21 36
32 40 146
32 34 143
32 30 100
32 36 119
32 46 0
32 27 174
32 15 55
32 8 -4
33 34 99
33 29 11
33 44 62
33 16 41
33 19 190
33 9 19
33 37 30
33 36 165
34 35 42
34 47 170
34 0 157
34 14 152
34 8 197
34 41 137
34 22 122
34 31 68
34 15 100
34 43 110
34 45 15
34 29 65
34 17 30
34 37 113
34 26 77
34 10 158
34 39 117
34 12 199
34 27 156
34 30 87
34 38 35
35 36 79
35 44 39
35 1 62
35 26 -4
35 19 111
35 24 -4
35 37 1
35 42 97
35 17 37
35 9 54
35 46 159
35 39 127
35 21 160
35 22 134
35 12 27
35 47 131
35 5 10
35 16 126
36 37 30
36 14 83
36 29 128
36 12 100
36 31 81
36 42 65
36 7 129
36 23 37
36 27 83
36 3 74
36 40 151
36 16 35
36 25 48
37 38 90
37 46 176
37 29 13
37 45 22
37 24 140
37 48 -3
37 43 83
37 8 137
37 23 178
37 47 127
37 32 180
37 44 120
37 31 164
37 27 168
38 39 116
38 9 71
38 28 53
38 27 8
38 42 11
38 23 47
38 26 80
38 30 -4
38 45 101
38 16 196
38 49 25
38 11 147
38 20 98
38 35 124
38 43 109
38 47 67
39 40 40
39 28 142
39 14 104
39 24 169
39 16 193
39 11 88
39 3 63
39 5 181
39 19 73
39 45 105
39 37 82
39 26 51
39 0 22
39 29 67
39 15 196
39 33 128
39 36 30
39 31 72
39 10 103
39 47 70
39 49 71
40 41 198
40 19 -5
40 14 95
40 10 95
40 0 82
40 37 26
40 43 31
40 7 21
40 35 130
40 26 142
41 42 70
41 15 142
41 38 23
41 29 18
41 3 10
41 46 157
41 48 35
41 14 193
41 43 178
41 12 197
41 44 160
41 37 172
41 47 150
41 10 35
42 43 93
42 22 55
42 34 78
42 2 56
42 33 51
42 37 38
42 7 137
42 8 3
42 5 183
42 26 58
42 3 44
42 30 43
42 45 149
42 44 152
42 15 34
42 48 48
42 46 68
43 44 125
43 12 167
43 26 178
43 39 116
43 36 189
43 27 177
43 46 74
43 5 162
43 24 79
43 11 56
43 45 198
43 35 172
44 45 163
44 19 174
44 31 9
44 32 14
44 29 161
45 46 139
45 40 138
45 31 73
45 47 89
45 26 101
45 4 74
45 36 119
45 11 75
45 10 67
46 47 84
46 34 18
46 17 193
46 22 45
46 21 147
46 40 65
46 13 65
46 15 176
46 48 26
46 36 62
46 24 138
46 38 14
46 0 145
46 39 129
46 25 195
46 11 141
46 49 97
46 44 23
46 10 47
46 19 147
46 14 175
46 16 163
47 48 6
47 24 80
47 36 155
47 40 97
47 12 176
47 3 96
47 19 178
47 31 178
47 30 93
47 43 37
47 32 139
47 7 18
47 21 107
48 49 192
48 26 190
48 28 146
48 17 92
48 29 127
48 5 171
48 10 72
48 35 181
48 19 147
48 15 191
48 2 144
48 23 55
48 39 19
48 45 62
48 30 100
48 22 5
48 33 135
48 32 77
48 8 14
49 36 171
49 37 60
49 30 45
49 18 11
49 47 40
49 43 183
49 34 160
49 14 42
49 45 56
49 15 25
49 5 128
49 29 143
49 41 186
49 32 171
49 21 19

Output:
0:0
1:32
2:20
3:48
4:45
5:53
6:44
7:37
8:37
9:51
10:75
11:47
12:29
13:40
14:48
15:57
16:31
17:54
18:43
19:34
20:29
21:40
22:28
23:33
24:39
25:44
26:27
27:51
28:28
29:39
30:39
31:27
32:51
33:32
34:25
35:43
36:-4
37:26
38:43
39:42
40:39
41:46
42:45
43:48
44:37
45:25
46:49
47:19
48:23
49:32

--------------------

Input:
50 792
0 1 100
0 42 111
0 13 12
0 15 165
0 6 190
0 18 27
0 33 19
0 19 125
0 10 85
0 17 10
0 37 95
0 26 112
0 39 100
0 27 22
0 28 160
0 36 102
0 11 78
0 31 -2
0 4 79
0 32 99
0 49 136
0 22 7
0 7 165
0 3 138
0 45 149
1 2 7
1 37 169
1 49 121
1 19 165
1 10 93
1 4 25
1 7 24
1 6 167
1 48 109
1 9 171
1 45 110
1 22 -2
1 46 133
1 35 -4
1 39 22
1 31 115
1 28 12
2 3 91
2 49 14
2 11 167
2 27 76
2 19 90
2 24 8
2 14 169
2 20 4
2 37 39
2 41 31
2 34 45
2 36 89
2 38 64
2 16 170
2 28 12
2 17 31
2 25 91
2 10 40
3 4 55
3 49 50
3 20 96
3 10 58
3 5 73
3 14 191
3 37 24
3 39 106
3 35 1
3 23 194
3 13 197
4 5 34
4 48 178
4 24 35
4 38 97
4 42 16
4 40 89
4 26 150
4 39 15
4 13 126
4 41 192
4 27 4
4 22 96
4 35 190
4 44 142
4 20 122
4 7 118
4 25 171
4 2 148
4 37 155
4 30 60
4 43 95
4 10 161
4 46 100
4 34 123
4 21 47
4 11 174
4 15 136
4 17 148
4 28 180
4 19 43
5 6 10
5 48 191
5 0 176
5 17 94
5 16 128
6 7 183
6 21 106
6 45 48
6 24 199
6 14 90
6 47 67
6 42 122
6 26 34
6 30 87
6 48 198
6 11 88
6 37 184
6 10 199
6 13 70
6 28 65
6 15 154
6 9 194
6 33 86
6 49 18
6 8 147
6 3 3
6 35 5
6 34 106
6 40 63
6 22 123
6 17 12
6 12 37
6 38 103
6 25 95
7 8 41
7 10 135
7 28 35
7 41 9
7 12 95
7 21 24
7 11 30
7 2 147
7 24 184
7 16 31
7 27 157
7 37 56
7 47 72
7 32 136
7 15 56
8 9 94
8 31 19
8 13 123
8 22 45
8 30 130
8 38 68
8 17 177
8 49 126
8 16 67
8 35 36
8 3 119
8 36 184
9 10 199
9 0 182
9 16 38
9 2 55
9 21 187
9 28 113
9 15 147
9 20 63
9 19 -5
9 30 167
9 43 4
9 48 58
9 24 29
9 37 197
9 25 132
9 17 186
9 40 47
9 45 56
9 49 89
9 11 148
9 14 113
9 23 192
9 35 72
9 4 38
9 39 106
10 11 115
10 26 114
10 44 29
10 40 92
10 18 100
10 16 105
10 34 77
10 41 25
10 28 200
10 21 159
10 37 26
10 23 50
11 12 92
11 46 70
11 32 195
11 28 145
11 30 193
11 24 9
11 42 17
11 34 180
11 8 76
11 3 50
11 16 98
11 29 139
11 19 108
11 39 142
11 15 187
11 27 8
11 20 164
11 31 30
11 37 110
11 35 79
11 17 66
11 36 74
11 13 136
11 23 28
11 44 112
11 5 187
11 47 26
12 13 35
12 16 68
12 19 167
12 3 174
12 34 46
12 5 76
12 21 21
12 4 103
12 26 107
12 39 190
12 48 171
12 23 72
12 8 65
12 38 75
12 29 50
12 47 186
12 43 151
12 20 84
12 1 74
12 15 152
12 9 114
12 17 129
12 32 115
12 18 95
12 30 83
12 35 55
12 14 5
12 0 60
13 14 135
13 38 125
13 5 5
13 32 58
13 43 200
13 45 169
13 29 5
13 20 143
13 34 172
13 27 156
13 10 84
13 22 54
13 25 151
13 44 119
13 2 0
13 24 137
14 15 -4
14 31 20
14 5 133
14 37 44
14 27 127
14 39 147
14 26 158
14 48 23
14 30 149
14 47 1
14 49 36
14 19 162
14 46 65
14 22 186
14 20 178
14 21 0
14 28 1
14 1 164
14 8 136
14 7 55
14 16 119
14 25 198
15 16 119
15 17 175
15 41 188
15 48 104
15 24 193
15 2 -1
15 5 97
15 23 103
15 10 10
15 19 197
15 47 4
15 1 199
15 39 55
15 37 158
15 29 46
15 38 190
15 13 134
15 32 172
16 17 111
16 48 141
16 30 56
16 19 4
16 18 38
16 13 102
16 3 91
16 26 117
16 45 101
16 6 157
16 21 71
16 31 91
16 32 116
16 28 183
16 37 186
16 27 112
16 46 123
17 18 123
17 40 146
17 13 12
17 35 94
17 3 1
17 14 17
17 10 115
17 20 78
17 44 147
18 19 79
18 40 32
18 21 168
18 48 29
18 5 119
18 32 187
18 37 47
18 42 126
18 8 10
18 45 154
18 24 193
18 36 138
18 1 48
18 2 36
18 33 44
18 39 52
18 41 183
18 47 52
18 29 90
18 43 78
18 31 109
18 14 21
18 25 43
19 20 114
19 35 0
19 44 67
19 6 190
19 33 43
19 43 62
19 41 50
19 5 9
19 39 141
19 22 189
19 40 50
19 29 53
19 8 157
19 28 57
19 17 19
20 21 59
20 43 -2
20 37 107
20 10 44
20 41 175
20 39 163
20 25 110
20 34 47
20 38 1
20 18 80
20 8 40
20 40 45
20 45 102
20 22 132
20 36 5
20 48 16
20 49 27
20 16 89
20 15 85
20 23 -1
20 31 52
20 6 190
20 28 186
21 22 155
21 48 37
21 35 21
21 29 6
21 26 133
21 0 141
21 8 199
21 2 114
21 45 120
21 17 63
21 44 12
21 27 13
21 33 126
21 47 104
21 31 44
21 3 31
21 34 -1
21 24 18
21 28 165
21 15 111
21 32 131
21 42 42
21 38 74
21 39 116
21 23 80
21 41 155
22 23 195
22 30 33
22 16 110
23 24 127
23 48 23
23 32 40
23 33 199
23 47 120
23 38 13
23 30 195
23 1 134
23 8 23
23 5 148
23 49 92
23 28 102
23 41 99
23 14 22
23 18 138
23 45 52
23 35 127
23 6 -1
24 25 193
24 19 146
24 17 30
24 38 81
24 45 91
24 16 106
24 1 147
24 27 96
25 26 136
25 19 122
25 15 144
25 30 123
25 3 165
25 31 9
25 1 33
25 10 144
25 40 198
25 11 30
25 45 193
25 12 24
25 32 13
26 27 35
26 32 189
26 1 148
26 44 154
26 28 17
26 29 43
26 48 76
26 5 -2
26 41 145
26 17 51
26 45 -3
26 19 38
26 13 2
26 39 59
27 28 178
27 43 196
27 17 175
27 35 144
27 47 187
27 31 48
27 38 60
27 3 170
27 18 173
27 45 200
27 40 48
27 39 167
27 6 78
27 44 198
27 12 25
27 10 35
27 34 193
28 29 54
28 38 57
29 30 5
29 3 48
29 7 126
29 42 108
29 24 102
29 22 82
29 41 135
29 4 72
29 9 193
29 44 90
29 37 193
29 46 114
29 48 137
29 1 108
29 43 199
29 20 169
29 49 189
29 27 161
29 35 61
30 31 141
30 1 41
30 46 144
30 0 127
30 47 58
30 34 174
30 18 8
30 39 102
30 40 85
30 15 136
30 32 194
30 43 198
30 17 60
31 32 110
31 4 98
31 41 26
31 19 148
31 13 33
31 43 87
31 22 74
31 34 55
31 9 62
31 36 195
31 48 173
31 29 91
31 28 168
31 37 76
31 42 171
31 24 50
31 35 139
31 49 198
31 45 95
31 47 67
32 33 167
32 43 101
32 47 33
32 14 131
32 24 -2
33 34 191
33 48 113
33 46 80
33 36 6
33 22 42
33 4 17
33 1 50
33 12 177
33 9 46
33 13 146
33 38 -2
33 45 102
33 43 157
33 42 7
33 14 182
33 10 -2
33 29 103
33 28 56
33 16 175
33 8 29
33 30 179
33 7 70
33 20 192
33 11 163
33 39 33
34 35 166
34 47 156
34 25 130
34 45 116
34 46 174
34 14 111
34 36 79
34 29 12
34 18 178
34 48 21
34 37 90
34 49 148
34 0 87
34 24 145
35 36 199
35 46 112
35 49 127
35 43 196
35 22 18
35 5 17
35 45 55
35 48 45
35 13 106
35 25 109
35 30 125
35 32 53
35 7 3
35 16 26
35 0 126
35 39 147
35 26 194
35 24 91
35 44 187
35 41 19
35 28 150
35 42 119
36 37 73
36 14 19
36 45 169
36 6 119
36 41 52
36 29 99
36 19 19
36 5 120
36 46 172
36 25 35
36 44 31
36 27 76
36 4 158
36 22 137
36 1 61
36 17 176
36 7 182
36 32 196
37 38 126
37 19 125
37 12 174
37 44 56
37 39 124
37 8 48
37 30 146
37 49 63
37 45 163
37 47 170
37 26 179
37 5 14
37 35 90
37 25 196
38 39 59
38 1 154
38 49 28
38 43 97
38 14 183
38 0 175
38 3 188
38 47 164
38 35 7
38 22 53
38 5 154
38 40 53
38 30 160
39 40 21
40 41 77
40 26 175
40 21 49
41 42 141
41 11 61
41 45 199
41 24 192
41 22 119
41 6 182
41 9 157
41 44 23
41 48 98
41 1 32
41 49 57
41 12 49
41 30 120
41 28 39
41 25 146
41 17 80
41 5 163
41 46 183
41 27 120
41 16 90
42 43 142
42 8 190
42 39 144
42 17 128
42 23 195
42 45 187
42 3 7
42 34 121
42 48 71
42 46 -2
42 47 79
42 38 61
42 32 183
42 49 165
42 10 85
42 44 19
42 1 -5
42 2 43
42 20 67
43 44 141
43 6 73
43 25 153
43 36 195
43 41 171
43 10 135
43 7 139
43 3 110
43 34 52
43 14 180
43 5 105
43 47 11
43 23 128
43 40 51
43 26 111
43 49 10
44 45 98
44 1 139
44 30 198
44 38 107
44 47 119
44 28 158
44 8 151
44 12 102
44 31 177
44 49 167
44 46 110
44 33 -1
44 34 97
44 24 -3
44 9 166
44 15 184
44 5 73
45 46 125
45 10 24
45 12 135
45 19 127
45 30 169
45 22 151
45 15 166
45 14 96
45 8 13
46 47 12
46 10 13
47 48 113
47 24 74
47 13 131
47 26 119
47 4 120
47 3 34
47 22 184
47 20 50
47 1 112
47 2 21
47 19 16
47 33 111
47 10 50
48 49 156
48 32 61
48 36 40
48 45 99
48 8 53
48 25 149
48 3 184
48 46 56
48 30 25
48 7 65
48 37 98
48 0 180
48 44 21
48 28 107
48 24 185
48 27 151
48 22 42
48 17 128
48 38 132
48 40 71
49 11 53
49 18 170
49 19 0
49 36 142
49 26 130
49 28 155
49 25 70
49 13 96
49 4 83
49 7 175
49 32 -3

Output:
0:0
1:21
2:12
3:11
4:36
5:17
6:14
7:15
8:37
9:60
10:17
11:45
12:47
13:12
14:27
15:23
16:38
17:10
18:27
19:24
20:16
21:27
22:7
23:15
24:19
25:56
26:48
27:22
28:24
29:17
30:22
31:-2
32:21
33:19
34:26
35:12
36:21
37:35
38:17
39:43
40:59
41:24
42:26
43:14
44:39
45:45
46:24
47:25
48:32
49:24

---------------------

Input:
50 772
0 1 175
0 16 31
0 6 133
0 29 156
0 28 114
0 49 163
0 2 83
0 44 160
0 17 166
0 3 2
0 35 166
0 33 76
0 26 193
0 42 62
0 8 3
0 13 36
0 47 28
0 45 192
0 19 71
1 2 54
1 6 166
1 15 56
1 38 173
1 25 102
1 10 136
1 20 142
1 23 126
1 13 190
1 17 136
1 48 62
1 27 148
1 24 62
1 4 0
1 32 1
1 49 61
1 19 199
1 39 198
1 3 188
1 16 187
1 29 68
1 33 22
2 3 22
2 34 -2
2 21 104
2 33 72
2 28 95
2 16 116
2 18 59
2 31 38
2 39 175
2 47 183
2 13 135
2 20 88
2 9 123
2 14 3
2 26 24
2 19 111
2 43 62
2 27 190
2 5 180
2 38 63
2 17 166
2 45 93
2 6 30
2 8 64
2 25 39
2 35 139
2 4 148
2 10 39
3 4 172
3 39 81
3 38 168
3 13 67
3 31 89
3 18 20
4 5 86
4 25 195
4 43 61
4 6 186
4 15 93
4 16 194
4 26 186
4 22 151
4 0 187
4 19 150
4 27 134
4 37 132
4 18 167
5 6 141
5 3 123
5 44 1
5 7 106
5 1 17
5 45 4
5 9 99
5 23 172
5 35 157
5 32 165
5 12 30
5 36 70
5 20 149
5 30 190
5 33 105
5 28 152
5 49 34
5 0 195
5 21 81
5 43 197
5 34 28
5 48 134
5 15 34
5 40 43
5 42 170
5 25 53
6 7 148
6 36 168
6 13 17
6 9 134
6 31 200
6 26 118
6 47 56
6 29 105
6 41 59
6 38 121
6 35 104
7 8 140
7 14 60
7 10 57
7 37 126
7 42 106
8 9 135
8 26 156
8 13 -5
8 16 64
8 3 177
8 41 14
8 35 169
9 10 79
9 25 183
9 29 113
9 45 172
9 44 79
10 11 181
10 43 60
10 46 112
10 16 115
10 49 186
10 37 47
10 32 92
10 18 117
10 24 161
10 5 191
10 23 161
10 28 48
10 40 28
10 22 17
10 27 92
10 38 89
10 6 148
10 21 85
10 33 31
10 48 159
10 44 34
10 12 74
10 17 120
10 25 172
10 14 137
10 8 148
11 12 172
11 8 134
11 25 200
11 46 165
11 44 116
11 17 10
11 20 57
11 32 160
11 28 114
11 31 44
11 45 34
11 42 117
11 37 61
11 22 177
11 13 197
11 7 52
11 49 56
11 38 93
11 1 176
11 24 149
11 27 189
11 19 30
11 15 76
11 6 157
11 23 63
11 3 10
11 43 72
12 13 138
12 24 145
12 23 45
12 18 156
12 40 19
12 14 144
12 4 119
12 34 84
12 29 143
12 2 1
12 25 185
12 9 171
12 20 11
12 47 25
12 8 41
12 0 89
13 14 73
13 43 -5
13 23 185
13 31 180
13 18 90
13 37 134
13 41 13
13 48 148
13 21 13
13 34 35
13 35 89
13 49 30
13 4 96
13 24 173
13 26 45
13 29 95
13 36 -5
13 45 41
13 47 60
13 20 69
13 7 192
13 16 102
14 15 150
14 40 81
14 49 46
15 16 155
15 17 151
15 2 66
15 31 27
15 45 152
15 39 189
15 24 68
15 28 69
15 21 112
15 33 46
15 25 171
15 49 70
15 38 73
15 30 53
15 19 122
15 0 157
15 29 44
15 40 93
16 17 132
16 22 150
16 34 21
16 32 0
16 29 189
16 24 43
16 7 92
16 41 191
16 48 61
16 6 125
16 3 -3
16 44 55
17 18 73
17 47 97
17 39 14
17 32 118
17 31 87
17 25 58
17 7 27
17 13 74
17 44 83
17 45 182
17 48 160
17 12 86
18 19 66
18 35 5
18 24 142
18 21 170
18 47 186
18 38 18
18 1 63
18 14 15
18 40 100
18 6 38
18 49 150
18 41 122
18 45 83
18 39 102
18 7 50
18 15 70
18 43 169
18 11 67
18 27 122
19 20 65
19 42 188
19 30 198
19 14 195
19 49 40
19 33 199
19 12 42
19 10 188
19 5 12
19 36 134
19 27 76
19 28 130
19 22 24
19 7 81
19 40 45
19 25 48
19 48 110
19 44 38
19 6 65
19 35 124
19 31 178
19 37 188
19 34 148
19 39 -4
19 45 88
19 32 49
19 38 200
19 13 123
20 21 194
20 29 172
20 43 172
20 3 182
20 48 183
20 23 84
20 40 52
20 10 22
20 30 -5
20 36 -5
20 28 163
20 22 51
20 24 49
20 45 101
20 18 20
20 39 86
20 0 198
20 27 53
20 7 79
20 16 89
20 26 193
20 37 96
20 6 185
20 44 183
20 8 6
20 14 83
21 22 181
21 12 198
21 23 91
21 31 137
21 17 81
21 24 104
21 14 11
21 46 29
21 16 101
21 45 101
21 8 125
21 25 138
21 43 130
21 37 118
21 39 23
22 23 128
22 37 68
22 34 16
22 31 71
22 15 173
22 14 -5
22 38 104
22 32 93
22 45 84
22 40 170
22 43 156
22 3 107
22 26 17
22 47 41
22 35 32
22 39 8
22 13 99
22 12 105
22 48 37
22 44 153
22 1 100
22 8 138
22 36 183
22 7 93
23 24 168
23 8 37
23 9 184
23 42 177
23 2 54
23 31 22
23 16 107
23 17 6
23 32 7
23 0 110
23 41 120
24 25 138
24 46 181
24 22 185
24 4 108
24 49 42
24 28 151
24 2 176
24 34 55
24 36 46
24 8 13
24 27 86
24 0 63
24 44 65
24 17 106
24 9 3
24 42 8
24 29 65
24 6 76
25 26 95
25 38 48
25 8 62
25 14 147
25 27 34
25 44 120
25 41 133
25 3 94
25 37 198
25 34 78
25 30 63
25 39 43
25 20 2
25 43 147
25 23 108
25 47 36
25 28 80
25 48 73
25 22 162
25 46 40
25 36 162
26 27 34
26 41 0
26 48 62
26 43 92
26 46 44
26 40 195
26 38 154
26 31 112
26 10 112
26 11 4
26 36 169
26 17 95
26 15 78
26 44 85
26 45 7
26 32 192
26 24 152
26 9 168
27 28 14
27 23 70
27 12 55
27 5 112
27 39 165
27 47 86
27 44 176
27 40 156
27 0 119
27 33 151
27 37 149
27 6 188
27 48 12
27 21 165
27 16 146
28 29 65
28 21 133
28 13 39
28 26 15
28 46 7
28 44 198
28 43 183
28 17 24
28 34 102
28 39 18
28 33 115
28 6 131
28 12 109
28 18 5
28 48 25
28 23 141
28 8 155
28 47 97
28 49 177
28 41 181
28 31 34
29 30 129
29 17 22
29 44 77
29 38 25
29 27 138
29 18 117
29 21 13
29 43 17
29 37 59
29 10 86
29 5 116
29 4 0
29 49 182
29 26 44
29 8 12
29 46 69
29 23 27
29 45 77
29 31 69
29 36 177
30 31 198
30 21 132
30 39 93
30 18 25
30 49 98
30 9 169
30 24 17
30 41 91
30 10 42
30 23 81
30 1 6
31 32 166
31 5 182
31 14 73
31 43 70
31 48 46
31 37 95
31 12 61
32 33 48
32 13 58
32 46 52
32 39 167
32 6 155
32 36 59
32 4 17
32 18 24
32 24 77
32 20 182
32 43 84
32 12 39
32 30 83
32 25 67
32 15 12
32 44 21
32 47 12
32 14 129
33 34 98
33 11 41
33 49 153
33 21 7
33 22 33
33 3 177
33 43 136
33 8 64
33 36 41
33 35 47
33 44 59
33 12 78
33 17 194
33 26 172
33 45 18
33 38 76
33 40 102
33 41 107
33 46 174
33 16 145
34 35 101
34 39 171
34 48 126
34 47 105
34 36 80
34 42 -3
34 8 175
35 36 54
35 4 103
35 7 39
35 40 3
35 32 103
35 43 74
35 47 69
35 24 164
35 30 88
35 23 142
35 17 37
35 39 137
35 9 180
35 21 133
35 28 88
35 1 40
35 42 39
35 12 180
35 37 141
35 44 101
35 41 138
36 37 50
36 21 123
36 40 138
36 46 154
36 4 46
36 48 98
36 16 77
36 18 119
36 15 62
36 2 174
36 27 107
36 7 189
36 49 50
36 0 88
36 8 196
36 31 132
36 44 73
36 17 32
36 14 181
36 3 12
36 42 66
36 45 63
37 38 152
37 41 87
37 5 156
37 3 98
37 47 130
37 0 35
37 44 172
37 45 84
37 46 155
37 43 142
37 17 125
37 42 130
37 16 60
37 6 60
37 18 4
37 14 59
37 23 120
37 40 -1
37 33 199
38 39 20
38 30 16
38 17 119
38 23 71
38 16 81
38 14 108
38 49 110
38 0 23
38 27 46
38 47 71
38 9 143
38 45 44
38 36 31
39 40 8
39 33 172
39 10 190
39 46 184
39 12 75
40 41 59
40 7 10
40 29 150
40 30 129
40 11 129
40 28 75
40 3 114
40 31 114
40 34 142
41 42 140
41 15 34
41 20 164
41 24 93
41 48 196
41 9 128
41 19 101
41 0 165
41 44 149
41 36 165
41 3 23
41 34 25
41 5 88
41 38 57
41 47 157
41 1 158
41 27 0
41 2 40
41 31 4
41 46 180
41 39 23
41 12 149
41 43 146
41 49 8
41 11 5
41 32 131
42 43 50
42 30 26
42 45 39
42 27 21
42 9 189
42 46 46
42 3 68
42 15 112
42 47 4
42 16 179
42 39 75
42 49 73
43 44 161
43 14 33
43 24 184
43 12 120
43 49 170
43 17 192
43 46 178
43 19 117
43 0 52
43 30 65
43 8 99
43 40 40
43 38 142
43 48 56
43 39 72
43 36 58
44 45 43
44 38 33
44 15 63
44 42 34
44 48 89
44 30 26
44 46 76
44 4 33
45 46 39
45 14 194
45 23 42
45 34 -2
45 31 118
45 3 36
45 7 5
45 48 64
45 12 199
45 47 170
45 41 106
45 4 159
45 25 71
45 30 143
46 47 123
46 31 10
46 3 111
46 13 59
46 27 128
46 38 161
46 19 68
46 0 43
47 48 154
47 10 56
48 49 29
48 15 -5
48 12 37
48 40 196
48 30 194
48 7 196
48 11 26
49 21 113
49 17 53
49 25 109
49 23 157
49 31 58
49 2 133
49 7 150
49 6 68
49 20 137
49 8 35
49 34 77
49 44 96
49 26 163

Output:
0:0
1:62
2:51
3:2
4:39
5:58
6:60
7:40
8:3
9:76
10:84
11:16
12:60
13:-2
14:22
15:18
16:31
17:25
18:22
19:46
20:67
21:11
22:70
23:79
24:73
25:83
26:40
27:11
28:25
29:62
30:56
31:15
32:31
33:64
34:33
35:27
36:-7
37:43
38:40
39:34
40:30
41:11
42:30
43:-7
44:52
45:39
46:32
47:28
48:23
49:19