Input:
4 5
0 1 8 
0 2 8 
1 3 8 
2 1 1 
2 3 8 
Output:
16

Input:
8 16
0 1 1 
0 2 1 
0 3 1 
1 4 1 
1 5 1 
1 6 1 
2 5 1 
3 5 1 
4 1 1 
4 7 1 
5 1 1 
5 2 1 
5 3 1 
5 7 1 
6 1 1 
6 7 1 
Output:
3

Input:
8 11
0 1 1 
0 2 1 
0 3 1 
1 4 1 
1 5 1 
1 6 1 
2 5 1 
3 5 1 
4 7 1 
5 7 1 
6 7 1 
Output:
2

Input:
5 7
0 2 5 
0 3 3 
1 4 99 
2 1 3 
2 3 2 
2 4 99 
3 1 6 
Output:
8

Input:
5 7
0 2 99 
0 3 99 
1 4 4 
2 1 3 
2 3 2 
2 4 3 
3 1 6 
Output:
7

Input:
5 7
0 2 99 
0 3 3 
1 4 99 
2 1 3 
2 3 2 
2 4 3 
3 1 6 
Output:
11

Input:
8 15
0 1 10 
0 2 5 
0 3 15 
1 2 4 
1 4 9 
1 5 15 
2 3 4 
2 5 8 
3 6 16 
4 5 15 
4 7 10 
5 6 15 
5 7 10 
6 2 6 
6 7 10 
Output:
28

Input:
6 7
0 1 1 
0 2 3 
1 3 99 
1 4 99 
2 4 99 
3 5 2 
4 5 2 
Output:
3

Input:
10 14
0 1 1 
0 2 1 
0 3 1 
0 4 1 
1 5 1 
1 6 1 
2 5 1 
2 6 1 
3 7 1 
4 7 1 
5 8 1 
6 8 1 
7 9 1 
8 9 1 
Output:
2

Input:
8 9
0 1 1 
0 3 1 
1 2 1 
2 3 1 
3 4 1 
4 5 1 
4 7 1 
5 6 1 
6 7 1 
Output:
1

Input:
5 6
0 1 1 
0 2 1 
1 2 1 
2 3 1 
2 4 1 
3 4 1 
Output:
2

Input:
8 11
0 1 2 
0 2 3 
0 3 4 
1 4 99 
1 5 99 
1 6 99 
2 6 99 
3 6 99 
4 7 7 
5 7 1 
6 7 5 
Output:
7

Input:
6 7
0 1 20 
1 2 10 
1 3 10 
1 4 10 
2 4 10 
3 4 10 
4 5 20 
Output:
20

Input:
9 19
0 1 1 
0 2 1 
0 3 1 
1 4 1 
1 5 1 
1 6 1 
1 7 1 
2 4 1 
2 5 1 
2 6 1 
2 7 1 
3 4 1 
3 5 1 
3 6 1 
3 7 1 
4 8 1 
5 8 1 
6 8 1 
7 8 1 
Output:
3